File Name,Item Sequence,Visibility,Title,IIIF Range,viewingHint,Parent ARK,Item ARK,Object Type,Rights.statementLocal,Source,Bucketeer State,IIIF Access URL
Masters/sinaimasters/ara/arabic_0626/sld_arb0626_0001_a_1.tif,1,sinai,Front Board Outside,Front matter,,ark:/21198/z1r79jm7,ark:/21198/z1r79jm7/gc44rf6h,Page,Images: Contact the Monastery of St. Catherine's of the Sinai. Metadata: Unless otherwise indicated all metadata associated with this manuscript is copyright the authors and released under Creative Commons Attribution 4.0 International License.,Sinai Arabic 626,succeeded,https://iiif.sinaimanuscripts.library.ucla.edu/iiif/2/ark%3A%2F21198%2Fz1r79jm7%2Fgc44rf6h
Masters/sinaimasters/ara/arabic_0626/sld_arb0626_0002_b_000.tif,2,sinai,Front Board Inside,Front matter,,ark:/21198/z1r79jm7,ark:/21198/z1r79jm7/j6557q8b,Page,Images: Contact the Monastery of St. Catherine's of the Sinai. Metadata: Unless otherwise indicated all metadata associated with this manuscript is copyright the authors and released under Creative Commons Attribution 4.0 International License.,Sinai Arabic 626,succeeded,https://iiif.sinaimanuscripts.library.ucla.edu/iiif/2/ark%3A%2F21198%2Fz1r79jm7%2Fj6557q8b
Masters/sinaimasters/ara/arabic_0626/sld_arb0626_0003_b_001r.tif,3,sinai,Flyleaf 001r,Front matter,,ark:/21198/z1r79jm7,ark:/21198/z1r79jm7/gr04h16d,Page,Images: Contact the Monastery of St. Catherine's of the Sinai. Metadata: Unless otherwise indicated all metadata associated with this manuscript is copyright the authors and released under Creative Commons Attribution 4.0 International License.,Sinai Arabic 626,succeeded,https://iiif.sinaimanuscripts.library.ucla.edu/iiif/2/ark%3A%2F21198%2Fz1r79jm7%2Fgr04h16d
Masters/sinaimasters/ara/arabic_0626/sld_arb0626_0004_b_001v.tif,4,sinai,Flyleaf 001v,Front matter,,ark:/21198/z1r79jm7,ark:/21198/z1r79jm7/j251hk72,Page,Images: Contact the Monastery of St. Catherine's of the Sinai. Metadata: Unless otherwise indicated all metadata associated with this manuscript is copyright the authors and released under Creative Commons Attribution 4.0 International License.,Sinai Arabic 626,succeeded,https://iiif.sinaimanuscripts.library.ucla.edu/iiif/2/ark%3A%2F21198%2Fz1r79jm7%2Fj251hk72
Masters/sinaimasters/ara/arabic_0626/sld_arb0626_0005_f_001r.tif,5,sinai,f. 001r,Text,,ark:/21198/z1r79jm7,ark:/21198/z1r79jm7/c357n55p,Page,Images: Contact the Monastery of St. Catherine's of the Sinai. Metadata: Unless otherwise indicated all metadata associated with this manuscript is copyright the authors and released under Creative Commons Attribution 4.0 International License.,Sinai Arabic 626,succeeded,https://iiif.sinaimanuscripts.library.ucla.edu/iiif/2/ark%3A%2F21198%2Fz1r79jm7%2Fc357n55p
Masters/sinaimasters/ara/arabic_0626/sld_arb0626_0006_f_001v.tif,6,sinai,f. 001v,Text,,ark:/21198/z1r79jm7,ark:/21198/z1r79jm7/b699vn21,Page,Images: Contact the Monastery of St. Catherine's of the Sinai. Metadata: Unless otherwise indicated all metadata associated with this manuscript is copyright the authors and released under Creative Commons Attribution 4.0 International License.,Sinai Arabic 626,succeeded,https://iiif.sinaimanuscripts.library.ucla.edu/iiif/2/ark%3A%2F21198%2Fz1r79jm7%2Fb699vn21
Masters/sinaimasters/ara/arabic_0626/sld_arb0626_0007_f_002r.tif,7,sinai,f. 002r,Text,,ark:/21198/z1r79jm7,ark:/21198/z1r79jm7/xv89dq9w,Page,Images: Contact the Monastery of St. Catherine's of the Sinai. Metadata: Unless otherwise indicated all metadata associated with this manuscript is copyright the authors and released under Creative Commons Attribution 4.0 International License.,Sinai Arabic 626,succeeded,https://iiif.sinaimanuscripts.library.ucla.edu/iiif/2/ark%3A%2F21198%2Fz1r79jm7%2Fxv89dq9w
Masters/sinaimasters/ara/arabic_0626/sld_arb0626_0008_f_002v.tif,8,sinai,f. 002v,Text,,ark:/21198/z1r79jm7,ark:/21198/z1r79jm7/sz29gs7n,Page,Images: Contact the Monastery of St. Catherine's of the Sinai. Metadata: Unless otherwise indicated all metadata associated with this manuscript is copyright the authors and released under Creative Commons Attribution 4.0 International License.,Sinai Arabic 626,succeeded,https://iiif.sinaimanuscripts.library.ucla.edu/iiif/2/ark%3A%2F21198%2Fz1r79jm7%2Fsz29gs7n
Masters/sinaimasters/ara/arabic_0626/sld_arb0626_0009_f_003r.tif,9,sinai,f. 003r,Text,,ark:/21198/z1r79jm7,ark:/21198/z1r79jm7/4569mg5j,Page,Images: Contact the Monastery of St. Catherine's of the Sinai. Metadata: Unless otherwise indicated all metadata associated with this manuscript is copyright the authors and released under Creative Commons Attribution 4.0 International License.,Sinai Arabic 626,succeeded,https://iiif.sinaimanuscripts.library.ucla.edu/iiif/2/ark%3A%2F21198%2Fz1r79jm7%2F4569mg5j
Masters/sinaimasters/ara/arabic_0626/sld_arb0626_0010_f_003v.tif,10,sinai,f. 003v,Text,,ark:/21198/z1r79jm7,ark:/21198/z1r79jm7/wm085p5f,Page,Images: Contact the Monastery of St. Catherine's of the Sinai. Metadata: Unless otherwise indicated all metadata associated with this manuscript is copyright the authors and released under Creative Commons Attribution 4.0 International License.,Sinai Arabic 626,succeeded,https://iiif.sinaimanuscripts.library.ucla.edu/iiif/2/ark%3A%2F21198%2Fz1r79jm7%2Fwm085p5f
Masters/sinaimasters/ara/arabic_0626/sld_arb0626_0011_f_004r.tif,11,sinai,f. 004r,Text,,ark:/21198/z1r79jm7,ark:/21198/z1r79jm7/d5586j5j,Page,Images: Contact the Monastery of St. Catherine's of the Sinai. Metadata: Unless otherwise indicated all metadata associated with this manuscript is copyright the authors and released under Creative Commons Attribution 4.0 International License.,Sinai Arabic 626,succeeded,https://iiif.sinaimanuscripts.library.ucla.edu/iiif/2/ark%3A%2F21198%2Fz1r79jm7%2Fd5586j5j
Masters/sinaimasters/ara/arabic_0626/sld_arb0626_0012_f_004v.tif,12,sinai,f. 004v,Text,,ark:/21198/z1r79jm7,ark:/21198/z1r79jm7/qn391b66,Page,Images: Contact the Monastery of St. Catherine's of the Sinai. Metadata: Unless otherwise indicated all metadata associated with this manuscript is copyright the authors and released under Creative Commons Attribution 4.0 International License.,Sinai Arabic 626,succeeded,https://iiif.sinaimanuscripts.library.ucla.edu/iiif/2/ark%3A%2F21198%2Fz1r79jm7%2Fqn391b66
Masters/sinaimasters/ara/arabic_0626/sld_arb0626_0013_f_005r.tif,13,sinai,f. 005r,Text,,ark:/21198/z1r79jm7,ark:/21198/z1r79jm7/d374273w,Page,Images: Contact the Monastery of St. Catherine's of the Sinai. Metadata: Unless otherwise indicated all metadata associated with this manuscript is copyright the authors and released under Creative Commons Attribution 4.0 International License.,Sinai Arabic 626,succeeded,https://iiif.sinaimanuscripts.library.ucla.edu/iiif/2/ark%3A%2F21198%2Fz1r79jm7%2Fd374273w
Masters/sinaimasters/ara/arabic_0626/sld_arb0626_0014_f_005v.tif,14,sinai,f. 005v,Text,,ark:/21198/z1r79jm7,ark:/21198/z1r79jm7/pm099k73,Page,Images: Contact the Monastery of St. Catherine's of the Sinai. Metadata: Unless otherwise indicated all metadata associated with this manuscript is copyright the authors and released under Creative Commons Attribution 4.0 International License.,Sinai Arabic 626,succeeded,https://iiif.sinaimanuscripts.library.ucla.edu/iiif/2/ark%3A%2F21198%2Fz1r79jm7%2Fpm099k73
Masters/sinaimasters/ara/arabic_0626/sld_arb0626_0015_f_006r.tif,15,sinai,f. 006r,Text,,ark:/21198/z1r79jm7,ark:/21198/z1r79jm7/n206dk7m,Page,Images: Contact the Monastery of St. Catherine's of the Sinai. Metadata: Unless otherwise indicated all metadata associated with this manuscript is copyright the authors and released under Creative Commons Attribution 4.0 International License.,Sinai Arabic 626,succeeded,https://iiif.sinaimanuscripts.library.ucla.edu/iiif/2/ark%3A%2F21198%2Fz1r79jm7%2Fn206dk7m
Masters/sinaimasters/ara/arabic_0626/sld_arb0626_0016_f_006v.tif,16,sinai,f. 006v,Text,,ark:/21198/z1r79jm7,ark:/21198/z1r79jm7/t690gv77,Page,Images: Contact the Monastery of St. Catherine's of the Sinai. Metadata: Unless otherwise indicated all metadata associated with this manuscript is copyright the authors and released under Creative Commons Attribution 4.0 International License.,Sinai Arabic 626,succeeded,https://iiif.sinaimanuscripts.library.ucla.edu/iiif/2/ark%3A%2F21198%2Fz1r79jm7%2Ft690gv77
Masters/sinaimasters/ara/arabic_0626/sld_arb0626_0017_f_007r.tif,17,sinai,f. 007r,Text,,ark:/21198/z1r79jm7,ark:/21198/z1r79jm7/bs30k61f,Page,Images: Contact the Monastery of St. Catherine's of the Sinai. Metadata: Unless otherwise indicated all metadata associated with this manuscript is copyright the authors and released under Creative Commons Attribution 4.0 International License.,Sinai Arabic 626,succeeded,https://iiif.sinaimanuscripts.library.ucla.edu/iiif/2/ark%3A%2F21198%2Fz1r79jm7%2Fbs30k61f
Masters/sinaimasters/ara/arabic_0626/sld_arb0626_0018_f_007v.tif,18,sinai,f. 007v,Text,,ark:/21198/z1r79jm7,ark:/21198/z1r79jm7/q9482w60,Page,Images: Contact the Monastery of St. Catherine's of the Sinai. Metadata: Unless otherwise indicated all metadata associated with this manuscript is copyright the authors and released under Creative Commons Attribution 4.0 International License.,Sinai Arabic 626,succeeded,https://iiif.sinaimanuscripts.library.ucla.edu/iiif/2/ark%3A%2F21198%2Fz1r79jm7%2Fq9482w60
Masters/sinaimasters/ara/arabic_0626/sld_arb0626_0019_f_008r.tif,19,sinai,f. 008r,Text,,ark:/21198/z1r79jm7,ark:/21198/z1r79jm7/7g78rt4j,Page,Images: Contact the Monastery of St. Catherine's of the Sinai. Metadata: Unless otherwise indicated all metadata associated with this manuscript is copyright the authors and released under Creative Commons Attribution 4.0 International License.,Sinai Arabic 626,succeeded,https://iiif.sinaimanuscripts.library.ucla.edu/iiif/2/ark%3A%2F21198%2Fz1r79jm7%2F7g78rt4j
Masters/sinaimasters/ara/arabic_0626/sld_arb0626_0020_f_008v.tif,20,sinai,f. 008v,Text,,ark:/21198/z1r79jm7,ark:/21198/z1r79jm7/57390n90,Page,Images: Contact the Monastery of St. Catherine's of the Sinai. Metadata: Unless otherwise indicated all metadata associated with this manuscript is copyright the authors and released under Creative Commons Attribution 4.0 International License.,Sinai Arabic 626,succeeded,https://iiif.sinaimanuscripts.library.ucla.edu/iiif/2/ark%3A%2F21198%2Fz1r79jm7%2F57390n90
Masters/sinaimasters/ara/arabic_0626/sld_arb0626_0021_f_009r.tif,21,sinai,f. 009r,Text,,ark:/21198/z1r79jm7,ark:/21198/z1r79jm7/kj47qn82,Page,Images: Contact the Monastery of St. Catherine's of the Sinai. Metadata: Unless otherwise indicated all metadata associated with this manuscript is copyright the authors and released under Creative Commons Attribution 4.0 International License.,Sinai Arabic 626,succeeded,https://iiif.sinaimanuscripts.library.ucla.edu/iiif/2/ark%3A%2F21198%2Fz1r79jm7%2Fkj47qn82
Masters/sinaimasters/ara/arabic_0626/sld_arb0626_0022_f_009v.tif,22,sinai,f. 009v,Text,,ark:/21198/z1r79jm7,ark:/21198/z1r79jm7/gm21km8k,Page,Images: Contact the Monastery of St. Catherine's of the Sinai. Metadata: Unless otherwise indicated all metadata associated with this manuscript is copyright the authors and released under Creative Commons Attribution 4.0 International License.,Sinai Arabic 626,succeeded,https://iiif.sinaimanuscripts.library.ucla.edu/iiif/2/ark%3A%2F21198%2Fz1r79jm7%2Fgm21km8k
Masters/sinaimasters/ara/arabic_0626/sld_arb0626_0023_f_010r.tif,23,sinai,f. 010r,Text,,ark:/21198/z1r79jm7,ark:/21198/z1r79jm7/4c11000r,Page,Images: Contact the Monastery of St. Catherine's of the Sinai. Metadata: Unless otherwise indicated all metadata associated with this manuscript is copyright the authors and released under Creative Commons Attribution 4.0 International License.,Sinai Arabic 626,succeeded,https://iiif.sinaimanuscripts.library.ucla.edu/iiif/2/ark%3A%2F21198%2Fz1r79jm7%2F4c11000r
Masters/sinaimasters/ara/arabic_0626/sld_arb0626_0024_f_010v.tif,24,sinai,f. 010v,Text,,ark:/21198/z1r79jm7,ark:/21198/z1r79jm7/4p570v89,Page,Images: Contact the Monastery of St. Catherine's of the Sinai. Metadata: Unless otherwise indicated all metadata associated with this manuscript is copyright the authors and released under Creative Commons Attribution 4.0 International License.,Sinai Arabic 626,succeeded,https://iiif.sinaimanuscripts.library.ucla.edu/iiif/2/ark%3A%2F21198%2Fz1r79jm7%2F4p570v89
Masters/sinaimasters/ara/arabic_0626/sld_arb0626_0025_f_011r.tif,25,sinai,f. 011r,Text,,ark:/21198/z1r79jm7,ark:/21198/z1r79jm7/dv23ns9z,Page,Images: Contact the Monastery of St. Catherine's of the Sinai. Metadata: Unless otherwise indicated all metadata associated with this manuscript is copyright the authors and released under Creative Commons Attribution 4.0 International License.,Sinai Arabic 626,succeeded,https://iiif.sinaimanuscripts.library.ucla.edu/iiif/2/ark%3A%2F21198%2Fz1r79jm7%2Fdv23ns9z
Masters/sinaimasters/ara/arabic_0626/sld_arb0626_0026_f_011v.tif,26,sinai,f. 011v,Text,,ark:/21198/z1r79jm7,ark:/21198/z1r79jm7/pm76d92t,Page,Images: Contact the Monastery of St. Catherine's of the Sinai. Metadata: Unless otherwise indicated all metadata associated with this manuscript is copyright the authors and released under Creative Commons Attribution 4.0 International License.,Sinai Arabic 626,succeeded,https://iiif.sinaimanuscripts.library.ucla.edu/iiif/2/ark%3A%2F21198%2Fz1r79jm7%2Fpm76d92t
Masters/sinaimasters/ara/arabic_0626/sld_arb0626_0027_f_012r.tif,27,sinai,f. 012r,Text,,ark:/21198/z1r79jm7,ark:/21198/z1r79jm7/ss76r15s,Page,Images: Contact the Monastery of St. Catherine's of the Sinai. Metadata: Unless otherwise indicated all metadata associated with this manuscript is copyright the authors and released under Creative Commons Attribution 4.0 International License.,Sinai Arabic 626,succeeded,https://iiif.sinaimanuscripts.library.ucla.edu/iiif/2/ark%3A%2F21198%2Fz1r79jm7%2Fss76r15s
Masters/sinaimasters/ara/arabic_0626/sld_arb0626_0028_f_012v.tif,28,sinai,f. 012v,Text,,ark:/21198/z1r79jm7,ark:/21198/z1r79jm7/7w25g92c,Page,Images: Contact the Monastery of St. Catherine's of the Sinai. Metadata: Unless otherwise indicated all metadata associated with this manuscript is copyright the authors and released under Creative Commons Attribution 4.0 International License.,Sinai Arabic 626,succeeded,https://iiif.sinaimanuscripts.library.ucla.edu/iiif/2/ark%3A%2F21198%2Fz1r79jm7%2F7w25g92c
Masters/sinaimasters/ara/arabic_0626/sld_arb0626_0029_f_013r.tif,29,sinai,f. 013r,Text,,ark:/21198/z1r79jm7,ark:/21198/z1r79jm7/4j78kz6z,Page,Images: Contact the Monastery of St. Catherine's of the Sinai. Metadata: Unless otherwise indicated all metadata associated with this manuscript is copyright the authors and released under Creative Commons Attribution 4.0 International License.,Sinai Arabic 626,succeeded,https://iiif.sinaimanuscripts.library.ucla.edu/iiif/2/ark%3A%2F21198%2Fz1r79jm7%2F4j78kz6z
Masters/sinaimasters/ara/arabic_0626/sld_arb0626_0030_f_013v.tif,30,sinai,f. 013v,Text,,ark:/21198/z1r79jm7,ark:/21198/z1r79jm7/tv482j01,Page,Images: Contact the Monastery of St. Catherine's of the Sinai. Metadata: Unless otherwise indicated all metadata associated with this manuscript is copyright the authors and released under Creative Commons Attribution 4.0 International License.,Sinai Arabic 626,succeeded,https://iiif.sinaimanuscripts.library.ucla.edu/iiif/2/ark%3A%2F21198%2Fz1r79jm7%2Ftv482j01
Masters/sinaimasters/ara/arabic_0626/sld_arb0626_0031_f_014r.tif,31,sinai,f. 014r,Text,,ark:/21198/z1r79jm7,ark:/21198/z1r79jm7/4c12hf76,Page,Images: Contact the Monastery of St. Catherine's of the Sinai. Metadata: Unless otherwise indicated all metadata associated with this manuscript is copyright the authors and released under Creative Commons Attribution 4.0 International License.,Sinai Arabic 626,succeeded,https://iiif.sinaimanuscripts.library.ucla.edu/iiif/2/ark%3A%2F21198%2Fz1r79jm7%2F4c12hf76
Masters/sinaimasters/ara/arabic_0626/sld_arb0626_0032_f_014v.tif,32,sinai,f. 014v,Text,,ark:/21198/z1r79jm7,ark:/21198/z1r79jm7/sv71hp1x,Page,Images: Contact the Monastery of St. Catherine's of the Sinai. Metadata: Unless otherwise indicated all metadata associated with this manuscript is copyright the authors and released under Creative Commons Attribution 4.0 International License.,Sinai Arabic 626,succeeded,https://iiif.sinaimanuscripts.library.ucla.edu/iiif/2/ark%3A%2F21198%2Fz1r79jm7%2Fsv71hp1x
Masters/sinaimasters/ara/arabic_0626/sld_arb0626_0033_f_015r.tif,33,sinai,f. 015r,Text,,ark:/21198/z1r79jm7,ark:/21198/z1r79jm7/vf440h0w,Page,Images: Contact the Monastery of St. Catherine's of the Sinai. Metadata: Unless otherwise indicated all metadata associated with this manuscript is copyright the authors and released under Creative Commons Attribution 4.0 International License.,Sinai Arabic 626,succeeded,https://iiif.sinaimanuscripts.library.ucla.edu/iiif/2/ark%3A%2F21198%2Fz1r79jm7%2Fvf440h0w
Masters/sinaimasters/ara/arabic_0626/sld_arb0626_0034_f_015v.tif,34,sinai,f. 015v,Text,,ark:/21198/z1r79jm7,ark:/21198/z1r79jm7/6d83qh6z,Page,Images: Contact the Monastery of St. Catherine's of the Sinai. Metadata: Unless otherwise indicated all metadata associated with this manuscript is copyright the authors and released under Creative Commons Attribution 4.0 International License.,Sinai Arabic 626,succeeded,https://iiif.sinaimanuscripts.library.ucla.edu/iiif/2/ark%3A%2F21198%2Fz1r79jm7%2F6d83qh6z
Masters/sinaimasters/ara/arabic_0626/sld_arb0626_0035_f_016r.tif,35,sinai,f. 016r,Text,,ark:/21198/z1r79jm7,ark:/21198/z1r79jm7/qm106b75,Page,Images: Contact the Monastery of St. Catherine's of the Sinai. Metadata: Unless otherwise indicated all metadata associated with this manuscript is copyright the authors and released under Creative Commons Attribution 4.0 International License.,Sinai Arabic 626,succeeded,https://iiif.sinaimanuscripts.library.ucla.edu/iiif/2/ark%3A%2F21198%2Fz1r79jm7%2Fqm106b75
Masters/sinaimasters/ara/arabic_0626/sld_arb0626_0036_f_016v.tif,36,sinai,f. 016v,Text,,ark:/21198/z1r79jm7,ark:/21198/z1r79jm7/49453n53,Page,Images: Contact the Monastery of St. Catherine's of the Sinai. Metadata: Unless otherwise indicated all metadata associated with this manuscript is copyright the authors and released under Creative Commons Attribution 4.0 International License.,Sinai Arabic 626,succeeded,https://iiif.sinaimanuscripts.library.ucla.edu/iiif/2/ark%3A%2F21198%2Fz1r79jm7%2F49453n53
Masters/sinaimasters/ara/arabic_0626/sld_arb0626_0037_f_017r.tif,37,sinai,f. 017r,Text,,ark:/21198/z1r79jm7,ark:/21198/z1r79jm7/1p94716p,Page,Images: Contact the Monastery of St. Catherine's of the Sinai. Metadata: Unless otherwise indicated all metadata associated with this manuscript is copyright the authors and released under Creative Commons Attribution 4.0 International License.,Sinai Arabic 626,succeeded,https://iiif.sinaimanuscripts.library.ucla.edu/iiif/2/ark%3A%2F21198%2Fz1r79jm7%2F1p94716p
Masters/sinaimasters/ara/arabic_0626/sld_arb0626_0038_f_017v.tif,38,sinai,f. 017v,Text,,ark:/21198/z1r79jm7,ark:/21198/z1r79jm7/5v61tx7d,Page,Images: Contact the Monastery of St. Catherine's of the Sinai. Metadata: Unless otherwise indicated all metadata associated with this manuscript is copyright the authors and released under Creative Commons Attribution 4.0 International License.,Sinai Arabic 626,succeeded,https://iiif.sinaimanuscripts.library.ucla.edu/iiif/2/ark%3A%2F21198%2Fz1r79jm7%2F5v61tx7d
Masters/sinaimasters/ara/arabic_0626/sld_arb0626_0039_f_018r.tif,39,sinai,f. 018r,Text,,ark:/21198/z1r79jm7,ark:/21198/z1r79jm7/9639bt7t,Page,Images: Contact the Monastery of St. Catherine's of the Sinai. Metadata: Unless otherwise indicated all metadata associated with this manuscript is copyright the authors and released under Creative Commons Attribution 4.0 International License.,Sinai Arabic 626,succeeded,https://iiif.sinaimanuscripts.library.ucla.edu/iiif/2/ark%3A%2F21198%2Fz1r79jm7%2F9639bt7t
Masters/sinaimasters/ara/arabic_0626/sld_arb0626_0040_f_018v.tif,40,sinai,f. 018v,Text,,ark:/21198/z1r79jm7,ark:/21198/z1r79jm7/8186cs84,Page,Images: Contact the Monastery of St. Catherine's of the Sinai. Metadata: Unless otherwise indicated all metadata associated with this manuscript is copyright the authors and released under Creative Commons Attribution 4.0 International License.,Sinai Arabic 626,succeeded,https://iiif.sinaimanuscripts.library.ucla.edu/iiif/2/ark%3A%2F21198%2Fz1r79jm7%2F8186cs84
Masters/sinaimasters/ara/arabic_0626/sld_arb0626_0041_f_019r.tif,41,sinai,f. 019r,Text,,ark:/21198/z1r79jm7,ark:/21198/z1r79jm7/g505672m,Page,Images: Contact the Monastery of St. Catherine's of the Sinai. Metadata: Unless otherwise indicated all metadata associated with this manuscript is copyright the authors and released under Creative Commons Attribution 4.0 International License.,Sinai Arabic 626,succeeded,https://iiif.sinaimanuscripts.library.ucla.edu/iiif/2/ark%3A%2F21198%2Fz1r79jm7%2Fg505672m
Masters/sinaimasters/ara/arabic_0626/sld_arb0626_0042_f_019v.tif,42,sinai,f. 019v,Text,,ark:/21198/z1r79jm7,ark:/21198/z1r79jm7/j929bf1w,Page,Images: Contact the Monastery of St. Catherine's of the Sinai. Metadata: Unless otherwise indicated all metadata associated with this manuscript is copyright the authors and released under Creative Commons Attribution 4.0 International License.,Sinai Arabic 626,succeeded,https://iiif.sinaimanuscripts.library.ucla.edu/iiif/2/ark%3A%2F21198%2Fz1r79jm7%2Fj929bf1w
Masters/sinaimasters/ara/arabic_0626/sld_arb0626_0043_f_020r.tif,43,sinai,f. 020r,Text,,ark:/21198/z1r79jm7,ark:/21198/z1r79jm7/pj885n4j,Page,Images: Contact the Monastery of St. Catherine's of the Sinai. Metadata: Unless otherwise indicated all metadata associated with this manuscript is copyright the authors and released under Creative Commons Attribution 4.0 International License.,Sinai Arabic 626,succeeded,https://iiif.sinaimanuscripts.library.ucla.edu/iiif/2/ark%3A%2F21198%2Fz1r79jm7%2Fpj885n4j
Masters/sinaimasters/ara/arabic_0626/sld_arb0626_0044_f_020v.tif,44,sinai,f. 020v,Text,,ark:/21198/z1r79jm7,ark:/21198/z1r79jm7/f3905z4g,Page,Images: Contact the Monastery of St. Catherine's of the Sinai. Metadata: Unless otherwise indicated all metadata associated with this manuscript is copyright the authors and released under Creative Commons Attribution 4.0 International License.,Sinai Arabic 626,succeeded,https://iiif.sinaimanuscripts.library.ucla.edu/iiif/2/ark%3A%2F21198%2Fz1r79jm7%2Ff3905z4g
Masters/sinaimasters/ara/arabic_0626/sld_arb0626_0045_f_021r.tif,45,sinai,f. 021r,Text,,ark:/21198/z1r79jm7,ark:/21198/z1r79jm7/nt46t39k,Page,Images: Contact the Monastery of St. Catherine's of the Sinai. Metadata: Unless otherwise indicated all metadata associated with this manuscript is copyright the authors and released under Creative Commons Attribution 4.0 International License.,Sinai Arabic 626,succeeded,https://iiif.sinaimanuscripts.library.ucla.edu/iiif/2/ark%3A%2F21198%2Fz1r79jm7%2Fnt46t39k
Masters/sinaimasters/ara/arabic_0626/sld_arb0626_0046_f_021v.tif,46,sinai,f. 021v,Text,,ark:/21198/z1r79jm7,ark:/21198/z1r79jm7/w0175f5k,Page,Images: Contact the Monastery of St. Catherine's of the Sinai. Metadata: Unless otherwise indicated all metadata associated with this manuscript is copyright the authors and released under Creative Commons Attribution 4.0 International License.,Sinai Arabic 626,succeeded,https://iiif.sinaimanuscripts.library.ucla.edu/iiif/2/ark%3A%2F21198%2Fz1r79jm7%2Fw0175f5k
Masters/sinaimasters/ara/arabic_0626/sld_arb0626_0047_f_022r.tif,47,sinai,f. 022r,Text,,ark:/21198/z1r79jm7,ark:/21198/z1r79jm7/2k74sh0g,Page,Images: Contact the Monastery of St. Catherine's of the Sinai. Metadata: Unless otherwise indicated all metadata associated with this manuscript is copyright the authors and released under Creative Commons Attribution 4.0 International License.,Sinai Arabic 626,succeeded,https://iiif.sinaimanuscripts.library.ucla.edu/iiif/2/ark%3A%2F21198%2Fz1r79jm7%2F2k74sh0g
Masters/sinaimasters/ara/arabic_0626/sld_arb0626_0048_f_022v.tif,48,sinai,f. 022v,Text,,ark:/21198/z1r79jm7,ark:/21198/z1r79jm7/v587tb44,Page,Images: Contact the Monastery of St. Catherine's of the Sinai. Metadata: Unless otherwise indicated all metadata associated with this manuscript is copyright the authors and released under Creative Commons Attribution 4.0 International License.,Sinai Arabic 626,succeeded,https://iiif.sinaimanuscripts.library.ucla.edu/iiif/2/ark%3A%2F21198%2Fz1r79jm7%2Fv587tb44
Masters/sinaimasters/ara/arabic_0626/sld_arb0626_0049_f_023r.tif,49,sinai,f. 023r,Text,,ark:/21198/z1r79jm7,ark:/21198/z1r79jm7/p513766r,Page,Images: Contact the Monastery of St. Catherine's of the Sinai. Metadata: Unless otherwise indicated all metadata associated with this manuscript is copyright the authors and released under Creative Commons Attribution 4.0 International License.,Sinai Arabic 626,succeeded,https://iiif.sinaimanuscripts.library.ucla.edu/iiif/2/ark%3A%2F21198%2Fz1r79jm7%2Fp513766r
Masters/sinaimasters/ara/arabic_0626/sld_arb0626_0050_f_023v.tif,50,sinai,f. 023v,Text,,ark:/21198/z1r79jm7,ark:/21198/z1r79jm7/mk06fd4t,Page,Images: Contact the Monastery of St. Catherine's of the Sinai. Metadata: Unless otherwise indicated all metadata associated with this manuscript is copyright the authors and released under Creative Commons Attribution 4.0 International License.,Sinai Arabic 626,succeeded,https://iiif.sinaimanuscripts.library.ucla.edu/iiif/2/ark%3A%2F21198%2Fz1r79jm7%2Fmk06fd4t
Masters/sinaimasters/ara/arabic_0626/sld_arb0626_0051_f_024r.tif,51,sinai,f. 024r,Text,,ark:/21198/z1r79jm7,ark:/21198/z1r79jm7/0t81tp1b,Page,Images: Contact the Monastery of St. Catherine's of the Sinai. Metadata: Unless otherwise indicated all metadata associated with this manuscript is copyright the authors and released under Creative Commons Attribution 4.0 International License.,Sinai Arabic 626,succeeded,https://iiif.sinaimanuscripts.library.ucla.edu/iiif/2/ark%3A%2F21198%2Fz1r79jm7%2F0t81tp1b
Masters/sinaimasters/ara/arabic_0626/sld_arb0626_0052_f_024v.tif,52,sinai,f. 024v,Text,,ark:/21198/z1r79jm7,ark:/21198/z1r79jm7/0248vb9v,Page,Images: Contact the Monastery of St. Catherine's of the Sinai. Metadata: Unless otherwise indicated all metadata associated with this manuscript is copyright the authors and released under Creative Commons Attribution 4.0 International License.,Sinai Arabic 626,succeeded,https://iiif.sinaimanuscripts.library.ucla.edu/iiif/2/ark%3A%2F21198%2Fz1r79jm7%2F0248vb9v
Masters/sinaimasters/ara/arabic_0626/sld_arb0626_0053_f_025r.tif,53,sinai,f. 025r,Text,,ark:/21198/z1r79jm7,ark:/21198/z1r79jm7/1c80g375,Page,Images: Contact the Monastery of St. Catherine's of the Sinai. Metadata: Unless otherwise indicated all metadata associated with this manuscript is copyright the authors and released under Creative Commons Attribution 4.0 International License.,Sinai Arabic 626,succeeded,https://iiif.sinaimanuscripts.library.ucla.edu/iiif/2/ark%3A%2F21198%2Fz1r79jm7%2F1c80g375
Masters/sinaimasters/ara/arabic_0626/sld_arb0626_0054_f_025v.tif,54,sinai,f. 025v,Text,,ark:/21198/z1r79jm7,ark:/21198/z1r79jm7/gf42kv37,Page,Images: Contact the Monastery of St. Catherine's of the Sinai. Metadata: Unless otherwise indicated all metadata associated with this manuscript is copyright the authors and released under Creative Commons Attribution 4.0 International License.,Sinai Arabic 626,succeeded,https://iiif.sinaimanuscripts.library.ucla.edu/iiif/2/ark%3A%2F21198%2Fz1r79jm7%2Fgf42kv37
Masters/sinaimasters/ara/arabic_0626/sld_arb0626_0055_f_026r.tif,55,sinai,f. 026r,Text,,ark:/21198/z1r79jm7,ark:/21198/z1r79jm7/95287p4x,Page,Images: Contact the Monastery of St. Catherine's of the Sinai. Metadata: Unless otherwise indicated all metadata associated with this manuscript is copyright the authors and released under Creative Commons Attribution 4.0 International License.,Sinai Arabic 626,succeeded,https://iiif.sinaimanuscripts.library.ucla.edu/iiif/2/ark%3A%2F21198%2Fz1r79jm7%2F95287p4x
Masters/sinaimasters/ara/arabic_0626/sld_arb0626_0056_f_026v.tif,56,sinai,f. 026v,Text,,ark:/21198/z1r79jm7,ark:/21198/z1r79jm7/vd30tz36,Page,Images: Contact the Monastery of St. Catherine's of the Sinai. Metadata: Unless otherwise indicated all metadata associated with this manuscript is copyright the authors and released under Creative Commons Attribution 4.0 International License.,Sinai Arabic 626,succeeded,https://iiif.sinaimanuscripts.library.ucla.edu/iiif/2/ark%3A%2F21198%2Fz1r79jm7%2Fvd30tz36
Masters/sinaimasters/ara/arabic_0626/sld_arb0626_0057_f_027r.tif,57,sinai,f. 027r,Text,,ark:/21198/z1r79jm7,ark:/21198/z1r79jm7/t699sg6z,Page,Images: Contact the Monastery of St. Catherine's of the Sinai. Metadata: Unless otherwise indicated all metadata associated with this manuscript is copyright the authors and released under Creative Commons Attribution 4.0 International License.,Sinai Arabic 626,succeeded,https://iiif.sinaimanuscripts.library.ucla.edu/iiif/2/ark%3A%2F21198%2Fz1r79jm7%2Ft699sg6z
Masters/sinaimasters/ara/arabic_0626/sld_arb0626_0058_f_027v.tif,58,sinai,f. 027v,Text,,ark:/21198/z1r79jm7,ark:/21198/z1r79jm7/6f62j25s,Page,Images: Contact the Monastery of St. Catherine's of the Sinai. Metadata: Unless otherwise indicated all metadata associated with this manuscript is copyright the authors and released under Creative Commons Attribution 4.0 International License.,Sinai Arabic 626,succeeded,https://iiif.sinaimanuscripts.library.ucla.edu/iiif/2/ark%3A%2F21198%2Fz1r79jm7%2F6f62j25s
Masters/sinaimasters/ara/arabic_0626/sld_arb0626_0059_f_028r.tif,59,sinai,f. 028r,Text,,ark:/21198/z1r79jm7,ark:/21198/z1r79jm7/0187920d,Page,Images: Contact the Monastery of St. Catherine's of the Sinai. Metadata: Unless otherwise indicated all metadata associated with this manuscript is copyright the authors and released under Creative Commons Attribution 4.0 International License.,Sinai Arabic 626,succeeded,https://iiif.sinaimanuscripts.library.ucla.edu/iiif/2/ark%3A%2F21198%2Fz1r79jm7%2F0187920d
Masters/sinaimasters/ara/arabic_0626/sld_arb0626_0060_f_028v.tif,60,sinai,f. 028v,Text,,ark:/21198/z1r79jm7,ark:/21198/z1r79jm7/gr361j8r,Page,Images: Contact the Monastery of St. Catherine's of the Sinai. Metadata: Unless otherwise indicated all metadata associated with this manuscript is copyright the authors and released under Creative Commons Attribution 4.0 International License.,Sinai Arabic 626,succeeded,https://iiif.sinaimanuscripts.library.ucla.edu/iiif/2/ark%3A%2F21198%2Fz1r79jm7%2Fgr361j8r
Masters/sinaimasters/ara/arabic_0626/sld_arb0626_0061_f_029r.tif,61,sinai,f. 029r,Text,,ark:/21198/z1r79jm7,ark:/21198/z1r79jm7/tf62vt9j,Page,Images: Contact the Monastery of St. Catherine's of the Sinai. Metadata: Unless otherwise indicated all metadata associated with this manuscript is copyright the authors and released under Creative Commons Attribution 4.0 International License.,Sinai Arabic 626,succeeded,https://iiif.sinaimanuscripts.library.ucla.edu/iiif/2/ark%3A%2F21198%2Fz1r79jm7%2Ftf62vt9j
Masters/sinaimasters/ara/arabic_0626/sld_arb0626_0062_f_029v.tif,62,sinai,f. 029v,Text,,ark:/21198/z1r79jm7,ark:/21198/z1r79jm7/r6527s1m,Page,Images: Contact the Monastery of St. Catherine's of the Sinai. Metadata: Unless otherwise indicated all metadata associated with this manuscript is copyright the authors and released under Creative Commons Attribution 4.0 International License.,Sinai Arabic 626,succeeded,https://iiif.sinaimanuscripts.library.ucla.edu/iiif/2/ark%3A%2F21198%2Fz1r79jm7%2Fr6527s1m
Masters/sinaimasters/ara/arabic_0626/sld_arb0626_0063_f_030r.tif,63,sinai,f. 030r,Text,,ark:/21198/z1r79jm7,ark:/21198/z1r79jm7/bh41kt0g,Page,Images: Contact the Monastery of St. Catherine's of the Sinai. Metadata: Unless otherwise indicated all metadata associated with this manuscript is copyright the authors and released under Creative Commons Attribution 4.0 International License.,Sinai Arabic 626,succeeded,https://iiif.sinaimanuscripts.library.ucla.edu/iiif/2/ark%3A%2F21198%2Fz1r79jm7%2Fbh41kt0g
Masters/sinaimasters/ara/arabic_0626/sld_arb0626_0064_f_030v.tif,64,sinai,f. 030v,Text,,ark:/21198/z1r79jm7,ark:/21198/z1r79jm7/w205hk43,Page,Images: Contact the Monastery of St. Catherine's of the Sinai. Metadata: Unless otherwise indicated all metadata associated with this manuscript is copyright the authors and released under Creative Commons Attribution 4.0 International License.,Sinai Arabic 626,succeeded,https://iiif.sinaimanuscripts.library.ucla.edu/iiif/2/ark%3A%2F21198%2Fz1r79jm7%2Fw205hk43
Masters/sinaimasters/ara/arabic_0626/sld_arb0626_0065_f_031r.tif,65,sinai,f. 031r,Text,,ark:/21198/z1r79jm7,ark:/21198/z1r79jm7/nz36vm0x,Page,Images: Contact the Monastery of St. Catherine's of the Sinai. Metadata: Unless otherwise indicated all metadata associated with this manuscript is copyright the authors and released under Creative Commons Attribution 4.0 International License.,Sinai Arabic 626,succeeded,https://iiif.sinaimanuscripts.library.ucla.edu/iiif/2/ark%3A%2F21198%2Fz1r79jm7%2Fnz36vm0x
Masters/sinaimasters/ara/arabic_0626/sld_arb0626_0066_f_031v.tif,66,sinai,f. 031v,Text,,ark:/21198/z1r79jm7,ark:/21198/z1r79jm7/sn431859,Page,Images: Contact the Monastery of St. Catherine's of the Sinai. Metadata: Unless otherwise indicated all metadata associated with this manuscript is copyright the authors and released under Creative Commons Attribution 4.0 International License.,Sinai Arabic 626,succeeded,https://iiif.sinaimanuscripts.library.ucla.edu/iiif/2/ark%3A%2F21198%2Fz1r79jm7%2Fsn431859
Masters/sinaimasters/ara/arabic_0626/sld_arb0626_0067_f_032r.tif,67,sinai,f. 032r,Text,,ark:/21198/z1r79jm7,ark:/21198/z1r79jm7/rf08fg2t,Page,Images: Contact the Monastery of St. Catherine's of the Sinai. Metadata: Unless otherwise indicated all metadata associated with this manuscript is copyright the authors and released under Creative Commons Attribution 4.0 International License.,Sinai Arabic 626,succeeded,https://iiif.sinaimanuscripts.library.ucla.edu/iiif/2/ark%3A%2F21198%2Fz1r79jm7%2Frf08fg2t
Masters/sinaimasters/ara/arabic_0626/sld_arb0626_0068_f_032v.tif,68,sinai,f. 032v,Text,,ark:/21198/z1r79jm7,ark:/21198/z1r79jm7/4b47zt5g,Page,Images: Contact the Monastery of St. Catherine's of the Sinai. Metadata: Unless otherwise indicated all metadata associated with this manuscript is copyright the authors and released under Creative Commons Attribution 4.0 International License.,Sinai Arabic 626,succeeded,https://iiif.sinaimanuscripts.library.ucla.edu/iiif/2/ark%3A%2F21198%2Fz1r79jm7%2F4b47zt5g
Masters/sinaimasters/ara/arabic_0626/sld_arb0626_0069_f_033r.tif,69,sinai,f. 033r,Text,,ark:/21198/z1r79jm7,ark:/21198/z1r79jm7/sd551s5p,Page,Images: Contact the Monastery of St. Catherine's of the Sinai. Metadata: Unless otherwise indicated all metadata associated with this manuscript is copyright the authors and released under Creative Commons Attribution 4.0 International License.,Sinai Arabic 626,succeeded,https://iiif.sinaimanuscripts.library.ucla.edu/iiif/2/ark%3A%2F21198%2Fz1r79jm7%2Fsd551s5p
Masters/sinaimasters/ara/arabic_0626/sld_arb0626_0070_f_033v.tif,70,sinai,f. 033v,Text,,ark:/21198/z1r79jm7,ark:/21198/z1r79jm7/gq27vd62,Page,Images: Contact the Monastery of St. Catherine's of the Sinai. Metadata: Unless otherwise indicated all metadata associated with this manuscript is copyright the authors and released under Creative Commons Attribution 4.0 International License.,Sinai Arabic 626,succeeded,https://iiif.sinaimanuscripts.library.ucla.edu/iiif/2/ark%3A%2F21198%2Fz1r79jm7%2Fgq27vd62
Masters/sinaimasters/ara/arabic_0626/sld_arb0626_0071_f_034r.tif,71,sinai,f. 034r,Text,,ark:/21198/z1r79jm7,ark:/21198/z1r79jm7/mq01tv14,Page,Images: Contact the Monastery of St. Catherine's of the Sinai. Metadata: Unless otherwise indicated all metadata associated with this manuscript is copyright the authors and released under Creative Commons Attribution 4.0 International License.,Sinai Arabic 626,succeeded,https://iiif.sinaimanuscripts.library.ucla.edu/iiif/2/ark%3A%2F21198%2Fz1r79jm7%2Fmq01tv14
Masters/sinaimasters/ara/arabic_0626/sld_arb0626_0072_f_034v.tif,72,sinai,f. 034v,Text,,ark:/21198/z1r79jm7,ark:/21198/z1r79jm7/hn31pd0v,Page,Images: Contact the Monastery of St. Catherine's of the Sinai. Metadata: Unless otherwise indicated all metadata associated with this manuscript is copyright the authors and released under Creative Commons Attribution 4.0 International License.,Sinai Arabic 626,succeeded,https://iiif.sinaimanuscripts.library.ucla.edu/iiif/2/ark%3A%2F21198%2Fz1r79jm7%2Fhn31pd0v
Masters/sinaimasters/ara/arabic_0626/sld_arb0626_0073_f_035r.tif,73,sinai,f. 035r,Text,,ark:/21198/z1r79jm7,ark:/21198/z1r79jm7/k519g622,Page,Images: Contact the Monastery of St. Catherine's of the Sinai. Metadata: Unless otherwise indicated all metadata associated with this manuscript is copyright the authors and released under Creative Commons Attribution 4.0 International License.,Sinai Arabic 626,succeeded,https://iiif.sinaimanuscripts.library.ucla.edu/iiif/2/ark%3A%2F21198%2Fz1r79jm7%2Fk519g622
Masters/sinaimasters/ara/arabic_0626/sld_arb0626_0074_f_035v.tif,74,sinai,f. 035v,Text,,ark:/21198/z1r79jm7,ark:/21198/z1r79jm7/9q645h3t,Page,Images: Contact the Monastery of St. Catherine's of the Sinai. Metadata: Unless otherwise indicated all metadata associated with this manuscript is copyright the authors and released under Creative Commons Attribution 4.0 International License.,Sinai Arabic 626,succeeded,https://iiif.sinaimanuscripts.library.ucla.edu/iiif/2/ark%3A%2F21198%2Fz1r79jm7%2F9q645h3t
Masters/sinaimasters/ara/arabic_0626/sld_arb0626_0075_f_036r.tif,75,sinai,f. 036r,Text,,ark:/21198/z1r79jm7,ark:/21198/z1r79jm7/n1630t9r,Page,Images: Contact the Monastery of St. Catherine's of the Sinai. Metadata: Unless otherwise indicated all metadata associated with this manuscript is copyright the authors and released under Creative Commons Attribution 4.0 International License.,Sinai Arabic 626,succeeded,https://iiif.sinaimanuscripts.library.ucla.edu/iiif/2/ark%3A%2F21198%2Fz1r79jm7%2Fn1630t9r
Masters/sinaimasters/ara/arabic_0626/sld_arb0626_0076_f_036v.tif,76,sinai,f. 036v,Text,,ark:/21198/z1r79jm7,ark:/21198/z1r79jm7/bd31531t,Page,Images: Contact the Monastery of St. Catherine's of the Sinai. Metadata: Unless otherwise indicated all metadata associated with this manuscript is copyright the authors and released under Creative Commons Attribution 4.0 International License.,Sinai Arabic 626,succeeded,https://iiif.sinaimanuscripts.library.ucla.edu/iiif/2/ark%3A%2F21198%2Fz1r79jm7%2Fbd31531t
Masters/sinaimasters/ara/arabic_0626/sld_arb0626_0077_f_037r.tif,77,sinai,f. 037r,Text,,ark:/21198/z1r79jm7,ark:/21198/z1r79jm7/x353zr4z,Page,Images: Contact the Monastery of St. Catherine's of the Sinai. Metadata: Unless otherwise indicated all metadata associated with this manuscript is copyright the authors and released under Creative Commons Attribution 4.0 International License.,Sinai Arabic 626,succeeded,https://iiif.sinaimanuscripts.library.ucla.edu/iiif/2/ark%3A%2F21198%2Fz1r79jm7%2Fx353zr4z
Masters/sinaimasters/ara/arabic_0626/sld_arb0626_0078_f_037v.tif,78,sinai,f. 037v,Text,,ark:/21198/z1r79jm7,ark:/21198/z1r79jm7/0j18rf42,Page,Images: Contact the Monastery of St. Catherine's of the Sinai. Metadata: Unless otherwise indicated all metadata associated with this manuscript is copyright the authors and released under Creative Commons Attribution 4.0 International License.,Sinai Arabic 626,succeeded,https://iiif.sinaimanuscripts.library.ucla.edu/iiif/2/ark%3A%2F21198%2Fz1r79jm7%2F0j18rf42
Masters/sinaimasters/ara/arabic_0626/sld_arb0626_0079_f_038r.tif,79,sinai,f. 038r,Text,,ark:/21198/z1r79jm7,ark:/21198/z1r79jm7/qr83dg8z,Page,Images: Contact the Monastery of St. Catherine's of the Sinai. Metadata: Unless otherwise indicated all metadata associated with this manuscript is copyright the authors and released under Creative Commons Attribution 4.0 International License.,Sinai Arabic 626,succeeded,https://iiif.sinaimanuscripts.library.ucla.edu/iiif/2/ark%3A%2F21198%2Fz1r79jm7%2Fqr83dg8z
Masters/sinaimasters/ara/arabic_0626/sld_arb0626_0080_f_038v.tif,80,sinai,f. 038v,Text,,ark:/21198/z1r79jm7,ark:/21198/z1r79jm7/zd05f786,Page,Images: Contact the Monastery of St. Catherine's of the Sinai. Metadata: Unless otherwise indicated all metadata associated with this manuscript is copyright the authors and released under Creative Commons Attribution 4.0 International License.,Sinai Arabic 626,succeeded,https://iiif.sinaimanuscripts.library.ucla.edu/iiif/2/ark%3A%2F21198%2Fz1r79jm7%2Fzd05f786
Masters/sinaimasters/ara/arabic_0626/sld_arb0626_0081_f_039r.tif,81,sinai,f. 039r,Text,,ark:/21198/z1r79jm7,ark:/21198/z1r79jm7/pb90g448,Page,Images: Contact the Monastery of St. Catherine's of the Sinai. Metadata: Unless otherwise indicated all metadata associated with this manuscript is copyright the authors and released under Creative Commons Attribution 4.0 International License.,Sinai Arabic 626,succeeded,https://iiif.sinaimanuscripts.library.ucla.edu/iiif/2/ark%3A%2F21198%2Fz1r79jm7%2Fpb90g448
Masters/sinaimasters/ara/arabic_0626/sld_arb0626_0082_f_039v.tif,82,sinai,f. 039v,Text,,ark:/21198/z1r79jm7,ark:/21198/z1r79jm7/6d17n90j,Page,Images: Contact the Monastery of St. Catherine's of the Sinai. Metadata: Unless otherwise indicated all metadata associated with this manuscript is copyright the authors and released under Creative Commons Attribution 4.0 International License.,Sinai Arabic 626,succeeded,https://iiif.sinaimanuscripts.library.ucla.edu/iiif/2/ark%3A%2F21198%2Fz1r79jm7%2F6d17n90j
Masters/sinaimasters/ara/arabic_0626/sld_arb0626_0083_f_040r.tif,83,sinai,f. 040r,Text,,ark:/21198/z1r79jm7,ark:/21198/z1r79jm7/vj40t39h,Page,Images: Contact the Monastery of St. Catherine's of the Sinai. Metadata: Unless otherwise indicated all metadata associated with this manuscript is copyright the authors and released under Creative Commons Attribution 4.0 International License.,Sinai Arabic 626,succeeded,https://iiif.sinaimanuscripts.library.ucla.edu/iiif/2/ark%3A%2F21198%2Fz1r79jm7%2Fvj40t39h
Masters/sinaimasters/ara/arabic_0626/sld_arb0626_0084_f_040v.tif,84,sinai,f. 040v,Text,,ark:/21198/z1r79jm7,ark:/21198/z1r79jm7/8v718g6z,Page,Images: Contact the Monastery of St. Catherine's of the Sinai. Metadata: Unless otherwise indicated all metadata associated with this manuscript is copyright the authors and released under Creative Commons Attribution 4.0 International License.,Sinai Arabic 626,succeeded,https://iiif.sinaimanuscripts.library.ucla.edu/iiif/2/ark%3A%2F21198%2Fz1r79jm7%2F8v718g6z
Masters/sinaimasters/ara/arabic_0626/sld_arb0626_0085_f_041r.tif,85,sinai,f. 041r,Text,,ark:/21198/z1r79jm7,ark:/21198/z1r79jm7/tx797t4f,Page,Images: Contact the Monastery of St. Catherine's of the Sinai. Metadata: Unless otherwise indicated all metadata associated with this manuscript is copyright the authors and released under Creative Commons Attribution 4.0 International License.,Sinai Arabic 626,succeeded,https://iiif.sinaimanuscripts.library.ucla.edu/iiif/2/ark%3A%2F21198%2Fz1r79jm7%2Ftx797t4f
Masters/sinaimasters/ara/arabic_0626/sld_arb0626_0086_f_041v.tif,86,sinai,f. 041v,Text,,ark:/21198/z1r79jm7,ark:/21198/z1r79jm7/wq08z908,Page,Images: Contact the Monastery of St. Catherine's of the Sinai. Metadata: Unless otherwise indicated all metadata associated with this manuscript is copyright the authors and released under Creative Commons Attribution 4.0 International License.,Sinai Arabic 626,succeeded,https://iiif.sinaimanuscripts.library.ucla.edu/iiif/2/ark%3A%2F21198%2Fz1r79jm7%2Fwq08z908
Masters/sinaimasters/ara/arabic_0626/sld_arb0626_0087_f_042r.tif,87,sinai,f. 042r,Text,,ark:/21198/z1r79jm7,ark:/21198/z1r79jm7/4w90df86,Page,Images: Contact the Monastery of St. Catherine's of the Sinai. Metadata: Unless otherwise indicated all metadata associated with this manuscript is copyright the authors and released under Creative Commons Attribution 4.0 International License.,Sinai Arabic 626,succeeded,https://iiif.sinaimanuscripts.library.ucla.edu/iiif/2/ark%3A%2F21198%2Fz1r79jm7%2F4w90df86
Masters/sinaimasters/ara/arabic_0626/sld_arb0626_0088_f_042v.tif,88,sinai,f. 042v,Text,,ark:/21198/z1r79jm7,ark:/21198/z1r79jm7/b6325p9q,Page,Images: Contact the Monastery of St. Catherine's of the Sinai. Metadata: Unless otherwise indicated all metadata associated with this manuscript is copyright the authors and released under Creative Commons Attribution 4.0 International License.,Sinai Arabic 626,succeeded,https://iiif.sinaimanuscripts.library.ucla.edu/iiif/2/ark%3A%2F21198%2Fz1r79jm7%2Fb6325p9q
Masters/sinaimasters/ara/arabic_0626/sld_arb0626_0089_f_043r.tif,89,sinai,f. 043r,Text,,ark:/21198/z1r79jm7,ark:/21198/z1r79jm7/vx51p63c,Page,Images: Contact the Monastery of St. Catherine's of the Sinai. Metadata: Unless otherwise indicated all metadata associated with this manuscript is copyright the authors and released under Creative Commons Attribution 4.0 International License.,Sinai Arabic 626,succeeded,https://iiif.sinaimanuscripts.library.ucla.edu/iiif/2/ark%3A%2F21198%2Fz1r79jm7%2Fvx51p63c
Masters/sinaimasters/ara/arabic_0626/sld_arb0626_0090_f_043v.tif,90,sinai,f. 043v,Text,,ark:/21198/z1r79jm7,ark:/21198/z1r79jm7/5p256c74,Page,Images: Contact the Monastery of St. Catherine's of the Sinai. Metadata: Unless otherwise indicated all metadata associated with this manuscript is copyright the authors and released under Creative Commons Attribution 4.0 International License.,Sinai Arabic 626,succeeded,https://iiif.sinaimanuscripts.library.ucla.edu/iiif/2/ark%3A%2F21198%2Fz1r79jm7%2F5p256c74
Masters/sinaimasters/ara/arabic_0626/sld_arb0626_0091_f_044r.tif,91,sinai,f. 044r,Text,,ark:/21198/z1r79jm7,ark:/21198/z1r79jm7/8463q84d,Page,Images: Contact the Monastery of St. Catherine's of the Sinai. Metadata: Unless otherwise indicated all metadata associated with this manuscript is copyright the authors and released under Creative Commons Attribution 4.0 International License.,Sinai Arabic 626,succeeded,https://iiif.sinaimanuscripts.library.ucla.edu/iiif/2/ark%3A%2F21198%2Fz1r79jm7%2F8463q84d
Masters/sinaimasters/ara/arabic_0626/sld_arb0626_0092_f_044v.tif,92,sinai,f. 044v,Text,,ark:/21198/z1r79jm7,ark:/21198/z1r79jm7/9638cb1k,Page,Images: Contact the Monastery of St. Catherine's of the Sinai. Metadata: Unless otherwise indicated all metadata associated with this manuscript is copyright the authors and released under Creative Commons Attribution 4.0 International License.,Sinai Arabic 626,succeeded,https://iiif.sinaimanuscripts.library.ucla.edu/iiif/2/ark%3A%2F21198%2Fz1r79jm7%2F9638cb1k
Masters/sinaimasters/ara/arabic_0626/sld_arb0626_0093_f_045r.tif,93,sinai,f. 045r,Text,,ark:/21198/z1r79jm7,ark:/21198/z1r79jm7/m763j98t,Page,Images: Contact the Monastery of St. Catherine's of the Sinai. Metadata: Unless otherwise indicated all metadata associated with this manuscript is copyright the authors and released under Creative Commons Attribution 4.0 International License.,Sinai Arabic 626,succeeded,https://iiif.sinaimanuscripts.library.ucla.edu/iiif/2/ark%3A%2F21198%2Fz1r79jm7%2Fm763j98t
Masters/sinaimasters/ara/arabic_0626/sld_arb0626_0094_f_045v.tif,94,sinai,f. 045v,Text,,ark:/21198/z1r79jm7,ark:/21198/z1r79jm7/7077fj4n,Page,Images: Contact the Monastery of St. Catherine's of the Sinai. Metadata: Unless otherwise indicated all metadata associated with this manuscript is copyright the authors and released under Creative Commons Attribution 4.0 International License.,Sinai Arabic 626,succeeded,https://iiif.sinaimanuscripts.library.ucla.edu/iiif/2/ark%3A%2F21198%2Fz1r79jm7%2F7077fj4n
Masters/sinaimasters/ara/arabic_0626/sld_arb0626_0095_f_046r.tif,95,sinai,f. 046r,Text,,ark:/21198/z1r79jm7,ark:/21198/z1r79jm7/j017bj26,Page,Images: Contact the Monastery of St. Catherine's of the Sinai. Metadata: Unless otherwise indicated all metadata associated with this manuscript is copyright the authors and released under Creative Commons Attribution 4.0 International License.,Sinai Arabic 626,succeeded,https://iiif.sinaimanuscripts.library.ucla.edu/iiif/2/ark%3A%2F21198%2Fz1r79jm7%2Fj017bj26
Masters/sinaimasters/ara/arabic_0626/sld_arb0626_0096_f_046v.tif,96,sinai,f. 046v,Text,,ark:/21198/z1r79jm7,ark:/21198/z1r79jm7/s860h90r,Page,Images: Contact the Monastery of St. Catherine's of the Sinai. Metadata: Unless otherwise indicated all metadata associated with this manuscript is copyright the authors and released under Creative Commons Attribution 4.0 International License.,Sinai Arabic 626,succeeded,https://iiif.sinaimanuscripts.library.ucla.edu/iiif/2/ark%3A%2F21198%2Fz1r79jm7%2Fs860h90r
Masters/sinaimasters/ara/arabic_0626/sld_arb0626_0097_f_047r.tif,97,sinai,f. 047r,Text,,ark:/21198/z1r79jm7,ark:/21198/z1r79jm7/c941311j,Page,Images: Contact the Monastery of St. Catherine's of the Sinai. Metadata: Unless otherwise indicated all metadata associated with this manuscript is copyright the authors and released under Creative Commons Attribution 4.0 International License.,Sinai Arabic 626,succeeded,https://iiif.sinaimanuscripts.library.ucla.edu/iiif/2/ark%3A%2F21198%2Fz1r79jm7%2Fc941311j
Masters/sinaimasters/ara/arabic_0626/sld_arb0626_0098_f_047v.tif,98,sinai,f. 047v,Text,,ark:/21198/z1r79jm7,ark:/21198/z1r79jm7/sm344j72,Page,Images: Contact the Monastery of St. Catherine's of the Sinai. Metadata: Unless otherwise indicated all metadata associated with this manuscript is copyright the authors and released under Creative Commons Attribution 4.0 International License.,Sinai Arabic 626,succeeded,https://iiif.sinaimanuscripts.library.ucla.edu/iiif/2/ark%3A%2F21198%2Fz1r79jm7%2Fsm344j72
Masters/sinaimasters/ara/arabic_0626/sld_arb0626_0099_f_048r.tif,99,sinai,f. 048r,Text,,ark:/21198/z1r79jm7,ark:/21198/z1r79jm7/w791327x,Page,Images: Contact the Monastery of St. Catherine's of the Sinai. Metadata: Unless otherwise indicated all metadata associated with this manuscript is copyright the authors and released under Creative Commons Attribution 4.0 International License.,Sinai Arabic 626,succeeded,https://iiif.sinaimanuscripts.library.ucla.edu/iiif/2/ark%3A%2F21198%2Fz1r79jm7%2Fw791327x
Masters/sinaimasters/ara/arabic_0626/sld_arb0626_0100_f_048v.tif,100,sinai,f. 048v,Text,,ark:/21198/z1r79jm7,ark:/21198/z1r79jm7/0334dq4d,Page,Images: Contact the Monastery of St. Catherine's of the Sinai. Metadata: Unless otherwise indicated all metadata associated with this manuscript is copyright the authors and released under Creative Commons Attribution 4.0 International License.,Sinai Arabic 626,succeeded,https://iiif.sinaimanuscripts.library.ucla.edu/iiif/2/ark%3A%2F21198%2Fz1r79jm7%2F0334dq4d
Masters/sinaimasters/ara/arabic_0626/sld_arb0626_0101_f_049r.tif,101,sinai,f. 049r,Text,,ark:/21198/z1r79jm7,ark:/21198/z1r79jm7/jm05jv0r,Page,Images: Contact the Monastery of St. Catherine's of the Sinai. Metadata: Unless otherwise indicated all metadata associated with this manuscript is copyright the authors and released under Creative Commons Attribution 4.0 International License.,Sinai Arabic 626,succeeded,https://iiif.sinaimanuscripts.library.ucla.edu/iiif/2/ark%3A%2F21198%2Fz1r79jm7%2Fjm05jv0r
Masters/sinaimasters/ara/arabic_0626/sld_arb0626_0102_f_049v.tif,102,sinai,f. 049v,Text,,ark:/21198/z1r79jm7,ark:/21198/z1r79jm7/nc78w37w,Page,Images: Contact the Monastery of St. Catherine's of the Sinai. Metadata: Unless otherwise indicated all metadata associated with this manuscript is copyright the authors and released under Creative Commons Attribution 4.0 International License.,Sinai Arabic 626,succeeded,https://iiif.sinaimanuscripts.library.ucla.edu/iiif/2/ark%3A%2F21198%2Fz1r79jm7%2Fnc78w37w
Masters/sinaimasters/ara/arabic_0626/sld_arb0626_0103_f_050r.tif,103,sinai,f. 050r,Text,,ark:/21198/z1r79jm7,ark:/21198/z1r79jm7/8b98h40n,Page,Images: Contact the Monastery of St. Catherine's of the Sinai. Metadata: Unless otherwise indicated all metadata associated with this manuscript is copyright the authors and released under Creative Commons Attribution 4.0 International License.,Sinai Arabic 626,succeeded,https://iiif.sinaimanuscripts.library.ucla.edu/iiif/2/ark%3A%2F21198%2Fz1r79jm7%2F8b98h40n
Masters/sinaimasters/ara/arabic_0626/sld_arb0626_0104_f_050v.tif,104,sinai,f. 050v,Text,,ark:/21198/z1r79jm7,ark:/21198/z1r79jm7/89217q1w,Page,Images: Contact the Monastery of St. Catherine's of the Sinai. Metadata: Unless otherwise indicated all metadata associated with this manuscript is copyright the authors and released under Creative Commons Attribution 4.0 International License.,Sinai Arabic 626,succeeded,https://iiif.sinaimanuscripts.library.ucla.edu/iiif/2/ark%3A%2F21198%2Fz1r79jm7%2F89217q1w
Masters/sinaimasters/ara/arabic_0626/sld_arb0626_0105_f_051r.tif,105,sinai,f. 051r,Text,,ark:/21198/z1r79jm7,ark:/21198/z1r79jm7/hd01qp01,Page,Images: Contact the Monastery of St. Catherine's of the Sinai. Metadata: Unless otherwise indicated all metadata associated with this manuscript is copyright the authors and released under Creative Commons Attribution 4.0 International License.,Sinai Arabic 626,succeeded,https://iiif.sinaimanuscripts.library.ucla.edu/iiif/2/ark%3A%2F21198%2Fz1r79jm7%2Fhd01qp01
Masters/sinaimasters/ara/arabic_0626/sld_arb0626_0106_f_051v.tif,106,sinai,f. 051v,Text,,ark:/21198/z1r79jm7,ark:/21198/z1r79jm7/gj14wr47,Page,Images: Contact the Monastery of St. Catherine's of the Sinai. Metadata: Unless otherwise indicated all metadata associated with this manuscript is copyright the authors and released under Creative Commons Attribution 4.0 International License.,Sinai Arabic 626,succeeded,https://iiif.sinaimanuscripts.library.ucla.edu/iiif/2/ark%3A%2F21198%2Fz1r79jm7%2Fgj14wr47
Masters/sinaimasters/ara/arabic_0626/sld_arb0626_0107_f_052r.tif,107,sinai,f. 052r,Text,,ark:/21198/z1r79jm7,ark:/21198/z1r79jm7/z872vn6v,Page,Images: Contact the Monastery of St. Catherine's of the Sinai. Metadata: Unless otherwise indicated all metadata associated with this manuscript is copyright the authors and released under Creative Commons Attribution 4.0 International License.,Sinai Arabic 626,succeeded,https://iiif.sinaimanuscripts.library.ucla.edu/iiif/2/ark%3A%2F21198%2Fz1r79jm7%2Fz872vn6v
Masters/sinaimasters/ara/arabic_0626/sld_arb0626_0108_f_052v.tif,108,sinai,f. 052v,Text,,ark:/21198/z1r79jm7,ark:/21198/z1r79jm7/b748xw4h,Page,Images: Contact the Monastery of St. Catherine's of the Sinai. Metadata: Unless otherwise indicated all metadata associated with this manuscript is copyright the authors and released under Creative Commons Attribution 4.0 International License.,Sinai Arabic 626,succeeded,https://iiif.sinaimanuscripts.library.ucla.edu/iiif/2/ark%3A%2F21198%2Fz1r79jm7%2Fb748xw4h
Masters/sinaimasters/ara/arabic_0626/sld_arb0626_0109_f_053r.tif,109,sinai,f. 053r,Text,,ark:/21198/z1r79jm7,ark:/21198/z1r79jm7/g639mj10,Page,Images: Contact the Monastery of St. Catherine's of the Sinai. Metadata: Unless otherwise indicated all metadata associated with this manuscript is copyright the authors and released under Creative Commons Attribution 4.0 International License.,Sinai Arabic 626,succeeded,https://iiif.sinaimanuscripts.library.ucla.edu/iiif/2/ark%3A%2F21198%2Fz1r79jm7%2Fg639mj10
Masters/sinaimasters/ara/arabic_0626/sld_arb0626_0110_f_053v.tif,110,sinai,f. 053v,Text,,ark:/21198/z1r79jm7,ark:/21198/z1r79jm7/tf38jh6w,Page,Images: Contact the Monastery of St. Catherine's of the Sinai. Metadata: Unless otherwise indicated all metadata associated with this manuscript is copyright the authors and released under Creative Commons Attribution 4.0 International License.,Sinai Arabic 626,succeeded,https://iiif.sinaimanuscripts.library.ucla.edu/iiif/2/ark%3A%2F21198%2Fz1r79jm7%2Ftf38jh6w
Masters/sinaimasters/ara/arabic_0626/sld_arb0626_0111_f_054r.tif,111,sinai,f. 054r,Text,,ark:/21198/z1r79jm7,ark:/21198/z1r79jm7/r917b67b,Page,Images: Contact the Monastery of St. Catherine's of the Sinai. Metadata: Unless otherwise indicated all metadata associated with this manuscript is copyright the authors and released under Creative Commons Attribution 4.0 International License.,Sinai Arabic 626,succeeded,https://iiif.sinaimanuscripts.library.ucla.edu/iiif/2/ark%3A%2F21198%2Fz1r79jm7%2Fr917b67b
Masters/sinaimasters/ara/arabic_0626/sld_arb0626_0112_f_054v.tif,112,sinai,f. 054v,Text,,ark:/21198/z1r79jm7,ark:/21198/z1r79jm7/nn26gk5s,Page,Images: Contact the Monastery of St. Catherine's of the Sinai. Metadata: Unless otherwise indicated all metadata associated with this manuscript is copyright the authors and released under Creative Commons Attribution 4.0 International License.,Sinai Arabic 626,succeeded,https://iiif.sinaimanuscripts.library.ucla.edu/iiif/2/ark%3A%2F21198%2Fz1r79jm7%2Fnn26gk5s
Masters/sinaimasters/ara/arabic_0626/sld_arb0626_0113_f_055r.tif,113,sinai,f. 055r,Text,,ark:/21198/z1r79jm7,ark:/21198/z1r79jm7/rj88ng7c,Page,Images: Contact the Monastery of St. Catherine's of the Sinai. Metadata: Unless otherwise indicated all metadata associated with this manuscript is copyright the authors and released under Creative Commons Attribution 4.0 International License.,Sinai Arabic 626,succeeded,https://iiif.sinaimanuscripts.library.ucla.edu/iiif/2/ark%3A%2F21198%2Fz1r79jm7%2Frj88ng7c
Masters/sinaimasters/ara/arabic_0626/sld_arb0626_0114_f_055v.tif,114,sinai,f. 055v,Text,,ark:/21198/z1r79jm7,ark:/21198/z1r79jm7/5k27mf78,Page,Images: Contact the Monastery of St. Catherine's of the Sinai. Metadata: Unless otherwise indicated all metadata associated with this manuscript is copyright the authors and released under Creative Commons Attribution 4.0 International License.,Sinai Arabic 626,succeeded,https://iiif.sinaimanuscripts.library.ucla.edu/iiif/2/ark%3A%2F21198%2Fz1r79jm7%2F5k27mf78
Masters/sinaimasters/ara/arabic_0626/sld_arb0626_0115_f_056r.tif,115,sinai,f. 056r,Text,,ark:/21198/z1r79jm7,ark:/21198/z1r79jm7/d949mh0v,Page,Images: Contact the Monastery of St. Catherine's of the Sinai. Metadata: Unless otherwise indicated all metadata associated with this manuscript is copyright the authors and released under Creative Commons Attribution 4.0 International License.,Sinai Arabic 626,succeeded,https://iiif.sinaimanuscripts.library.ucla.edu/iiif/2/ark%3A%2F21198%2Fz1r79jm7%2Fd949mh0v
Masters/sinaimasters/ara/arabic_0626/sld_arb0626_0116_f_056v.tif,116,sinai,f. 056v,Text,,ark:/21198/z1r79jm7,ark:/21198/z1r79jm7/0f012z1p,Page,Images: Contact the Monastery of St. Catherine's of the Sinai. Metadata: Unless otherwise indicated all metadata associated with this manuscript is copyright the authors and released under Creative Commons Attribution 4.0 International License.,Sinai Arabic 626,succeeded,https://iiif.sinaimanuscripts.library.ucla.edu/iiif/2/ark%3A%2F21198%2Fz1r79jm7%2F0f012z1p
Masters/sinaimasters/ara/arabic_0626/sld_arb0626_0117_f_057r.tif,117,sinai,f. 057r,Text,,ark:/21198/z1r79jm7,ark:/21198/z1r79jm7/q3815n72,Page,Images: Contact the Monastery of St. Catherine's of the Sinai. Metadata: Unless otherwise indicated all metadata associated with this manuscript is copyright the authors and released under Creative Commons Attribution 4.0 International License.,Sinai Arabic 626,succeeded,https://iiif.sinaimanuscripts.library.ucla.edu/iiif/2/ark%3A%2F21198%2Fz1r79jm7%2Fq3815n72
Masters/sinaimasters/ara/arabic_0626/sld_arb0626_0118_f_057v.tif,118,sinai,f. 057v,Text,,ark:/21198/z1r79jm7,ark:/21198/z1r79jm7/hd60m39h,Page,Images: Contact the Monastery of St. Catherine's of the Sinai. Metadata: Unless otherwise indicated all metadata associated with this manuscript is copyright the authors and released under Creative Commons Attribution 4.0 International License.,Sinai Arabic 626,succeeded,https://iiif.sinaimanuscripts.library.ucla.edu/iiif/2/ark%3A%2F21198%2Fz1r79jm7%2Fhd60m39h
Masters/sinaimasters/ara/arabic_0626/sld_arb0626_0119_f_058r.tif,119,sinai,f. 058r,Text,,ark:/21198/z1r79jm7,ark:/21198/z1r79jm7/9x041h9w,Page,Images: Contact the Monastery of St. Catherine's of the Sinai. Metadata: Unless otherwise indicated all metadata associated with this manuscript is copyright the authors and released under Creative Commons Attribution 4.0 International License.,Sinai Arabic 626,succeeded,https://iiif.sinaimanuscripts.library.ucla.edu/iiif/2/ark%3A%2F21198%2Fz1r79jm7%2F9x041h9w
Masters/sinaimasters/ara/arabic_0626/sld_arb0626_0120_f_058v.tif,120,sinai,f. 058v,Text,,ark:/21198/z1r79jm7,ark:/21198/z1r79jm7/n079f25c,Page,Images: Contact the Monastery of St. Catherine's of the Sinai. Metadata: Unless otherwise indicated all metadata associated with this manuscript is copyright the authors and released under Creative Commons Attribution 4.0 International License.,Sinai Arabic 626,succeeded,https://iiif.sinaimanuscripts.library.ucla.edu/iiif/2/ark%3A%2F21198%2Fz1r79jm7%2Fn079f25c
Masters/sinaimasters/ara/arabic_0626/sld_arb0626_0121_f_059r.tif,121,sinai,f. 059r,Text,,ark:/21198/z1r79jm7,ark:/21198/z1r79jm7/wz531d2q,Page,Images: Contact the Monastery of St. Catherine's of the Sinai. Metadata: Unless otherwise indicated all metadata associated with this manuscript is copyright the authors and released under Creative Commons Attribution 4.0 International License.,Sinai Arabic 626,succeeded,https://iiif.sinaimanuscripts.library.ucla.edu/iiif/2/ark%3A%2F21198%2Fz1r79jm7%2Fwz531d2q
Masters/sinaimasters/ara/arabic_0626/sld_arb0626_0122_f_059v.tif,122,sinai,f. 059v,Text,,ark:/21198/z1r79jm7,ark:/21198/z1r79jm7/7d65fx1r,Page,Images: Contact the Monastery of St. Catherine's of the Sinai. Metadata: Unless otherwise indicated all metadata associated with this manuscript is copyright the authors and released under Creative Commons Attribution 4.0 International License.,Sinai Arabic 626,succeeded,https://iiif.sinaimanuscripts.library.ucla.edu/iiif/2/ark%3A%2F21198%2Fz1r79jm7%2F7d65fx1r
Masters/sinaimasters/ara/arabic_0626/sld_arb0626_0123_f_060r.tif,123,sinai,f. 060r,Text,,ark:/21198/z1r79jm7,ark:/21198/z1r79jm7/5045gf5z,Page,Images: Contact the Monastery of St. Catherine's of the Sinai. Metadata: Unless otherwise indicated all metadata associated with this manuscript is copyright the authors and released under Creative Commons Attribution 4.0 International License.,Sinai Arabic 626,succeeded,https://iiif.sinaimanuscripts.library.ucla.edu/iiif/2/ark%3A%2F21198%2Fz1r79jm7%2F5045gf5z
Masters/sinaimasters/ara/arabic_0626/sld_arb0626_0124_f_060v.tif,124,sinai,f. 060v,Text,,ark:/21198/z1r79jm7,ark:/21198/z1r79jm7/r893825z,Page,Images: Contact the Monastery of St. Catherine's of the Sinai. Metadata: Unless otherwise indicated all metadata associated with this manuscript is copyright the authors and released under Creative Commons Attribution 4.0 International License.,Sinai Arabic 626,succeeded,https://iiif.sinaimanuscripts.library.ucla.edu/iiif/2/ark%3A%2F21198%2Fz1r79jm7%2Fr893825z
Masters/sinaimasters/ara/arabic_0626/sld_arb0626_0125_f_061r.tif,125,sinai,f. 061r,Text,,ark:/21198/z1r79jm7,ark:/21198/z1r79jm7/rz23044j,Page,Images: Contact the Monastery of St. Catherine's of the Sinai. Metadata: Unless otherwise indicated all metadata associated with this manuscript is copyright the authors and released under Creative Commons Attribution 4.0 International License.,Sinai Arabic 626,succeeded,https://iiif.sinaimanuscripts.library.ucla.edu/iiif/2/ark%3A%2F21198%2Fz1r79jm7%2Frz23044j
Masters/sinaimasters/ara/arabic_0626/sld_arb0626_0126_f_061v.tif,126,sinai,f. 061v,Text,,ark:/21198/z1r79jm7,ark:/21198/z1r79jm7/8h97t45f,Page,Images: Contact the Monastery of St. Catherine's of the Sinai. Metadata: Unless otherwise indicated all metadata associated with this manuscript is copyright the authors and released under Creative Commons Attribution 4.0 International License.,Sinai Arabic 626,succeeded,https://iiif.sinaimanuscripts.library.ucla.edu/iiif/2/ark%3A%2F21198%2Fz1r79jm7%2F8h97t45f
Masters/sinaimasters/ara/arabic_0626/sld_arb0626_0127_f_062r.tif,127,sinai,f. 062r,Text,,ark:/21198/z1r79jm7,ark:/21198/z1r79jm7/5144v873,Page,Images: Contact the Monastery of St. Catherine's of the Sinai. Metadata: Unless otherwise indicated all metadata associated with this manuscript is copyright the authors and released under Creative Commons Attribution 4.0 International License.,Sinai Arabic 626,succeeded,https://iiif.sinaimanuscripts.library.ucla.edu/iiif/2/ark%3A%2F21198%2Fz1r79jm7%2F5144v873
Masters/sinaimasters/ara/arabic_0626/sld_arb0626_0128_f_062v.tif,128,sinai,f. 062v,Text,,ark:/21198/z1r79jm7,ark:/21198/z1r79jm7/9z73xf7j,Page,Images: Contact the Monastery of St. Catherine's of the Sinai. Metadata: Unless otherwise indicated all metadata associated with this manuscript is copyright the authors and released under Creative Commons Attribution 4.0 International License.,Sinai Arabic 626,succeeded,https://iiif.sinaimanuscripts.library.ucla.edu/iiif/2/ark%3A%2F21198%2Fz1r79jm7%2F9z73xf7j
Masters/sinaimasters/ara/arabic_0626/sld_arb0626_0129_f_063r.tif,129,sinai,f. 063r,Text,,ark:/21198/z1r79jm7,ark:/21198/z1r79jm7/w1426082,Page,Images: Contact the Monastery of St. Catherine's of the Sinai. Metadata: Unless otherwise indicated all metadata associated with this manuscript is copyright the authors and released under Creative Commons Attribution 4.0 International License.,Sinai Arabic 626,succeeded,https://iiif.sinaimanuscripts.library.ucla.edu/iiif/2/ark%3A%2F21198%2Fz1r79jm7%2Fw1426082
Masters/sinaimasters/ara/arabic_0626/sld_arb0626_0130_f_063v.tif,130,sinai,f. 063v,Text,,ark:/21198/z1r79jm7,ark:/21198/z1r79jm7/8427n249,Page,Images: Contact the Monastery of St. Catherine's of the Sinai. Metadata: Unless otherwise indicated all metadata associated with this manuscript is copyright the authors and released under Creative Commons Attribution 4.0 International License.,Sinai Arabic 626,succeeded,https://iiif.sinaimanuscripts.library.ucla.edu/iiif/2/ark%3A%2F21198%2Fz1r79jm7%2F8427n249
Masters/sinaimasters/ara/arabic_0626/sld_arb0626_0131_f_064r.tif,131,sinai,f. 064r,Text,,ark:/21198/z1r79jm7,ark:/21198/z1r79jm7/pk69g35p,Page,Images: Contact the Monastery of St. Catherine's of the Sinai. Metadata: Unless otherwise indicated all metadata associated with this manuscript is copyright the authors and released under Creative Commons Attribution 4.0 International License.,Sinai Arabic 626,succeeded,https://iiif.sinaimanuscripts.library.ucla.edu/iiif/2/ark%3A%2F21198%2Fz1r79jm7%2Fpk69g35p
Masters/sinaimasters/ara/arabic_0626/sld_arb0626_0132_f_064v.tif,132,sinai,f. 064v,Text,,ark:/21198/z1r79jm7,ark:/21198/z1r79jm7/n380wn9s,Page,Images: Contact the Monastery of St. Catherine's of the Sinai. Metadata: Unless otherwise indicated all metadata associated with this manuscript is copyright the authors and released under Creative Commons Attribution 4.0 International License.,Sinai Arabic 626,succeeded,https://iiif.sinaimanuscripts.library.ucla.edu/iiif/2/ark%3A%2F21198%2Fz1r79jm7%2Fn380wn9s
Masters/sinaimasters/ara/arabic_0626/sld_arb0626_0133_f_065r.tif,133,sinai,f. 065r,Text,,ark:/21198/z1r79jm7,ark:/21198/z1r79jm7/tt41558n,Page,Images: Contact the Monastery of St. Catherine's of the Sinai. Metadata: Unless otherwise indicated all metadata associated with this manuscript is copyright the authors and released under Creative Commons Attribution 4.0 International License.,Sinai Arabic 626,succeeded,https://iiif.sinaimanuscripts.library.ucla.edu/iiif/2/ark%3A%2F21198%2Fz1r79jm7%2Ftt41558n
Masters/sinaimasters/ara/arabic_0626/sld_arb0626_0134_f_065v.tif,134,sinai,f. 065v,Text,,ark:/21198/z1r79jm7,ark:/21198/z1r79jm7/1v17k48k,Page,Images: Contact the Monastery of St. Catherine's of the Sinai. Metadata: Unless otherwise indicated all metadata associated with this manuscript is copyright the authors and released under Creative Commons Attribution 4.0 International License.,Sinai Arabic 626,succeeded,https://iiif.sinaimanuscripts.library.ucla.edu/iiif/2/ark%3A%2F21198%2Fz1r79jm7%2F1v17k48k
Masters/sinaimasters/ara/arabic_0626/sld_arb0626_0135_f_066r.tif,135,sinai,f. 066r,Text,,ark:/21198/z1r79jm7,ark:/21198/z1r79jm7/0785138c,Page,Images: Contact the Monastery of St. Catherine's of the Sinai. Metadata: Unless otherwise indicated all metadata associated with this manuscript is copyright the authors and released under Creative Commons Attribution 4.0 International License.,Sinai Arabic 626,succeeded,https://iiif.sinaimanuscripts.library.ucla.edu/iiif/2/ark%3A%2F21198%2Fz1r79jm7%2F0785138c
Masters/sinaimasters/ara/arabic_0626/sld_arb0626_0136_f_066v.tif,136,sinai,f. 066v,Text,,ark:/21198/z1r79jm7,ark:/21198/z1r79jm7/4x944d4b,Page,Images: Contact the Monastery of St. Catherine's of the Sinai. Metadata: Unless otherwise indicated all metadata associated with this manuscript is copyright the authors and released under Creative Commons Attribution 4.0 International License.,Sinai Arabic 626,succeeded,https://iiif.sinaimanuscripts.library.ucla.edu/iiif/2/ark%3A%2F21198%2Fz1r79jm7%2F4x944d4b
Masters/sinaimasters/ara/arabic_0626/sld_arb0626_0137_f_067r.tif,137,sinai,f. 067r,Text,,ark:/21198/z1r79jm7,ark:/21198/z1r79jm7/nf02fm11,Page,Images: Contact the Monastery of St. Catherine's of the Sinai. Metadata: Unless otherwise indicated all metadata associated with this manuscript is copyright the authors and released under Creative Commons Attribution 4.0 International License.,Sinai Arabic 626,succeeded,https://iiif.sinaimanuscripts.library.ucla.edu/iiif/2/ark%3A%2F21198%2Fz1r79jm7%2Fnf02fm11
Masters/sinaimasters/ara/arabic_0626/sld_arb0626_0138_f_067v.tif,138,sinai,f. 067v,Text,,ark:/21198/z1r79jm7,ark:/21198/z1r79jm7/kk29627c,Page,Images: Contact the Monastery of St. Catherine's of the Sinai. Metadata: Unless otherwise indicated all metadata associated with this manuscript is copyright the authors and released under Creative Commons Attribution 4.0 International License.,Sinai Arabic 626,succeeded,https://iiif.sinaimanuscripts.library.ucla.edu/iiif/2/ark%3A%2F21198%2Fz1r79jm7%2Fkk29627c
Masters/sinaimasters/ara/arabic_0626/sld_arb0626_0139_f_068r.tif,139,sinai,f. 068r,Text,,ark:/21198/z1r79jm7,ark:/21198/z1r79jm7/h541zm21,Page,Images: Contact the Monastery of St. Catherine's of the Sinai. Metadata: Unless otherwise indicated all metadata associated with this manuscript is copyright the authors and released under Creative Commons Attribution 4.0 International License.,Sinai Arabic 626,succeeded,https://iiif.sinaimanuscripts.library.ucla.edu/iiif/2/ark%3A%2F21198%2Fz1r79jm7%2Fh541zm21
Masters/sinaimasters/ara/arabic_0626/sld_arb0626_0140_f_068v.tif,140,sinai,f. 068v,Text,,ark:/21198/z1r79jm7,ark:/21198/z1r79jm7/q056h25s,Page,Images: Contact the Monastery of St. Catherine's of the Sinai. Metadata: Unless otherwise indicated all metadata associated with this manuscript is copyright the authors and released under Creative Commons Attribution 4.0 International License.,Sinai Arabic 626,succeeded,https://iiif.sinaimanuscripts.library.ucla.edu/iiif/2/ark%3A%2F21198%2Fz1r79jm7%2Fq056h25s
Masters/sinaimasters/ara/arabic_0626/sld_arb0626_0141_f_069r.tif,141,sinai,f. 069r,Text,,ark:/21198/z1r79jm7,ark:/21198/z1r79jm7/w4988c5z,Page,Images: Contact the Monastery of St. Catherine's of the Sinai. Metadata: Unless otherwise indicated all metadata associated with this manuscript is copyright the authors and released under Creative Commons Attribution 4.0 International License.,Sinai Arabic 626,succeeded,https://iiif.sinaimanuscripts.library.ucla.edu/iiif/2/ark%3A%2F21198%2Fz1r79jm7%2Fw4988c5z
Masters/sinaimasters/ara/arabic_0626/sld_arb0626_0142_f_069v.tif,142,sinai,f. 069v,Text,,ark:/21198/z1r79jm7,ark:/21198/z1r79jm7/0t57sx5d,Page,Images: Contact the Monastery of St. Catherine's of the Sinai. Metadata: Unless otherwise indicated all metadata associated with this manuscript is copyright the authors and released under Creative Commons Attribution 4.0 International License.,Sinai Arabic 626,succeeded,https://iiif.sinaimanuscripts.library.ucla.edu/iiif/2/ark%3A%2F21198%2Fz1r79jm7%2F0t57sx5d
Masters/sinaimasters/ara/arabic_0626/sld_arb0626_0143_f_070r.tif,143,sinai,f. 070r,Text,,ark:/21198/z1r79jm7,ark:/21198/z1r79jm7/4262602z,Page,Images: Contact the Monastery of St. Catherine's of the Sinai. Metadata: Unless otherwise indicated all metadata associated with this manuscript is copyright the authors and released under Creative Commons Attribution 4.0 International License.,Sinai Arabic 626,succeeded,https://iiif.sinaimanuscripts.library.ucla.edu/iiif/2/ark%3A%2F21198%2Fz1r79jm7%2F4262602z
Masters/sinaimasters/ara/arabic_0626/sld_arb0626_0144_f_070v.tif,144,sinai,f. 070v,Text,,ark:/21198/z1r79jm7,ark:/21198/z1r79jm7/0b367v7d,Page,Images: Contact the Monastery of St. Catherine's of the Sinai. Metadata: Unless otherwise indicated all metadata associated with this manuscript is copyright the authors and released under Creative Commons Attribution 4.0 International License.,Sinai Arabic 626,succeeded,https://iiif.sinaimanuscripts.library.ucla.edu/iiif/2/ark%3A%2F21198%2Fz1r79jm7%2F0b367v7d
Masters/sinaimasters/ara/arabic_0626/sld_arb0626_0145_f_071r.tif,145,sinai,f. 071r,Text,,ark:/21198/z1r79jm7,ark:/21198/z1r79jm7/wh19123h,Page,Images: Contact the Monastery of St. Catherine's of the Sinai. Metadata: Unless otherwise indicated all metadata associated with this manuscript is copyright the authors and released under Creative Commons Attribution 4.0 International License.,Sinai Arabic 626,succeeded,https://iiif.sinaimanuscripts.library.ucla.edu/iiif/2/ark%3A%2F21198%2Fz1r79jm7%2Fwh19123h
Masters/sinaimasters/ara/arabic_0626/sld_arb0626_0146_f_071v.tif,146,sinai,f. 071v,Text,,ark:/21198/z1r79jm7,ark:/21198/z1r79jm7/p3675q36,Page,Images: Contact the Monastery of St. Catherine's of the Sinai. Metadata: Unless otherwise indicated all metadata associated with this manuscript is copyright the authors and released under Creative Commons Attribution 4.0 International License.,Sinai Arabic 626,succeeded,https://iiif.sinaimanuscripts.library.ucla.edu/iiif/2/ark%3A%2F21198%2Fz1r79jm7%2Fp3675q36
Masters/sinaimasters/ara/arabic_0626/sld_arb0626_0147_f_072r.tif,147,sinai,f. 072r,Text,,ark:/21198/z1r79jm7,ark:/21198/z1r79jm7/bc433205,Page,Images: Contact the Monastery of St. Catherine's of the Sinai. Metadata: Unless otherwise indicated all metadata associated with this manuscript is copyright the authors and released under Creative Commons Attribution 4.0 International License.,Sinai Arabic 626,succeeded,https://iiif.sinaimanuscripts.library.ucla.edu/iiif/2/ark%3A%2F21198%2Fz1r79jm7%2Fbc433205
Masters/sinaimasters/ara/arabic_0626/sld_arb0626_0148_f_072v.tif,148,sinai,f. 072v,Text,,ark:/21198/z1r79jm7,ark:/21198/z1r79jm7/df97mj62,Page,Images: Contact the Monastery of St. Catherine's of the Sinai. Metadata: Unless otherwise indicated all metadata associated with this manuscript is copyright the authors and released under Creative Commons Attribution 4.0 International License.,Sinai Arabic 626,succeeded,https://iiif.sinaimanuscripts.library.ucla.edu/iiif/2/ark%3A%2F21198%2Fz1r79jm7%2Fdf97mj62
Masters/sinaimasters/ara/arabic_0626/sld_arb0626_0149_f_073r.tif,149,sinai,f. 073r,Text,,ark:/21198/z1r79jm7,ark:/21198/z1r79jm7/gd809r36,Page,Images: Contact the Monastery of St. Catherine's of the Sinai. Metadata: Unless otherwise indicated all metadata associated with this manuscript is copyright the authors and released under Creative Commons Attribution 4.0 International License.,Sinai Arabic 626,succeeded,https://iiif.sinaimanuscripts.library.ucla.edu/iiif/2/ark%3A%2F21198%2Fz1r79jm7%2Fgd809r36
Masters/sinaimasters/ara/arabic_0626/sld_arb0626_0150_f_073v.tif,150,sinai,f. 073v,Text,,ark:/21198/z1r79jm7,ark:/21198/z1r79jm7/gw61g740,Page,Images: Contact the Monastery of St. Catherine's of the Sinai. Metadata: Unless otherwise indicated all metadata associated with this manuscript is copyright the authors and released under Creative Commons Attribution 4.0 International License.,Sinai Arabic 626,succeeded,https://iiif.sinaimanuscripts.library.ucla.edu/iiif/2/ark%3A%2F21198%2Fz1r79jm7%2Fgw61g740
Masters/sinaimasters/ara/arabic_0626/sld_arb0626_0151_f_074r.tif,151,sinai,f. 074r,Text,,ark:/21198/z1r79jm7,ark:/21198/z1r79jm7/3712dk80,Page,Images: Contact the Monastery of St. Catherine's of the Sinai. Metadata: Unless otherwise indicated all metadata associated with this manuscript is copyright the authors and released under Creative Commons Attribution 4.0 International License.,Sinai Arabic 626,succeeded,https://iiif.sinaimanuscripts.library.ucla.edu/iiif/2/ark%3A%2F21198%2Fz1r79jm7%2F3712dk80
Masters/sinaimasters/ara/arabic_0626/sld_arb0626_0152_f_074v.tif,152,sinai,f. 074v,Text,,ark:/21198/z1r79jm7,ark:/21198/z1r79jm7/4x94pb37,Page,Images: Contact the Monastery of St. Catherine's of the Sinai. Metadata: Unless otherwise indicated all metadata associated with this manuscript is copyright the authors and released under Creative Commons Attribution 4.0 International License.,Sinai Arabic 626,succeeded,https://iiif.sinaimanuscripts.library.ucla.edu/iiif/2/ark%3A%2F21198%2Fz1r79jm7%2F4x94pb37
Masters/sinaimasters/ara/arabic_0626/sld_arb0626_0153_f_075r.tif,153,sinai,f. 075r,Text,,ark:/21198/z1r79jm7,ark:/21198/z1r79jm7/58125r03,Page,Images: Contact the Monastery of St. Catherine's of the Sinai. Metadata: Unless otherwise indicated all metadata associated with this manuscript is copyright the authors and released under Creative Commons Attribution 4.0 International License.,Sinai Arabic 626,succeeded,https://iiif.sinaimanuscripts.library.ucla.edu/iiif/2/ark%3A%2F21198%2Fz1r79jm7%2F58125r03
Masters/sinaimasters/ara/arabic_0626/sld_arb0626_0154_f_075v.tif,154,sinai,f. 075v,Text,,ark:/21198/z1r79jm7,ark:/21198/z1r79jm7/b613p15d,Page,Images: Contact the Monastery of St. Catherine's of the Sinai. Metadata: Unless otherwise indicated all metadata associated with this manuscript is copyright the authors and released under Creative Commons Attribution 4.0 International License.,Sinai Arabic 626,succeeded,https://iiif.sinaimanuscripts.library.ucla.edu/iiif/2/ark%3A%2F21198%2Fz1r79jm7%2Fb613p15d
Masters/sinaimasters/ara/arabic_0626/sld_arb0626_0155_f_076r.tif,155,sinai,f. 076r,Text,,ark:/21198/z1r79jm7,ark:/21198/z1r79jm7/nw66hj4f,Page,Images: Contact the Monastery of St. Catherine's of the Sinai. Metadata: Unless otherwise indicated all metadata associated with this manuscript is copyright the authors and released under Creative Commons Attribution 4.0 International License.,Sinai Arabic 626,succeeded,https://iiif.sinaimanuscripts.library.ucla.edu/iiif/2/ark%3A%2F21198%2Fz1r79jm7%2Fnw66hj4f
Masters/sinaimasters/ara/arabic_0626/sld_arb0626_0156_f_076v.tif,156,sinai,f. 076v,Text,,ark:/21198/z1r79jm7,ark:/21198/z1r79jm7/dm09ph0d,Page,Images: Contact the Monastery of St. Catherine's of the Sinai. Metadata: Unless otherwise indicated all metadata associated with this manuscript is copyright the authors and released under Creative Commons Attribution 4.0 International License.,Sinai Arabic 626,succeeded,https://iiif.sinaimanuscripts.library.ucla.edu/iiif/2/ark%3A%2F21198%2Fz1r79jm7%2Fdm09ph0d
Masters/sinaimasters/ara/arabic_0626/sld_arb0626_0157_f_077r.tif,157,sinai,f. 077r,Text,,ark:/21198/z1r79jm7,ark:/21198/z1r79jm7/gh074102,Page,Images: Contact the Monastery of St. Catherine's of the Sinai. Metadata: Unless otherwise indicated all metadata associated with this manuscript is copyright the authors and released under Creative Commons Attribution 4.0 International License.,Sinai Arabic 626,succeeded,https://iiif.sinaimanuscripts.library.ucla.edu/iiif/2/ark%3A%2F21198%2Fz1r79jm7%2Fgh074102
Masters/sinaimasters/ara/arabic_0626/sld_arb0626_0158_f_077v.tif,158,sinai,f. 077v,Text,,ark:/21198/z1r79jm7,ark:/21198/z1r79jm7/5184bq5s,Page,Images: Contact the Monastery of St. Catherine's of the Sinai. Metadata: Unless otherwise indicated all metadata associated with this manuscript is copyright the authors and released under Creative Commons Attribution 4.0 International License.,Sinai Arabic 626,succeeded,https://iiif.sinaimanuscripts.library.ucla.edu/iiif/2/ark%3A%2F21198%2Fz1r79jm7%2F5184bq5s
Masters/sinaimasters/ara/arabic_0626/sld_arb0626_0159_f_078r.tif,159,sinai,f. 078r,Text,,ark:/21198/z1r79jm7,ark:/21198/z1r79jm7/b925d21x,Page,Images: Contact the Monastery of St. Catherine's of the Sinai. Metadata: Unless otherwise indicated all metadata associated with this manuscript is copyright the authors and released under Creative Commons Attribution 4.0 International License.,Sinai Arabic 626,succeeded,https://iiif.sinaimanuscripts.library.ucla.edu/iiif/2/ark%3A%2F21198%2Fz1r79jm7%2Fb925d21x
Masters/sinaimasters/ara/arabic_0626/sld_arb0626_0160_f_078v.tif,160,sinai,f. 078v,Text,,ark:/21198/z1r79jm7,ark:/21198/z1r79jm7/g302zr7b,Page,Images: Contact the Monastery of St. Catherine's of the Sinai. Metadata: Unless otherwise indicated all metadata associated with this manuscript is copyright the authors and released under Creative Commons Attribution 4.0 International License.,Sinai Arabic 626,succeeded,https://iiif.sinaimanuscripts.library.ucla.edu/iiif/2/ark%3A%2F21198%2Fz1r79jm7%2Fg302zr7b
Masters/sinaimasters/ara/arabic_0626/sld_arb0626_0161_f_079r.tif,161,sinai,f. 079r,Text,,ark:/21198/z1r79jm7,ark:/21198/z1r79jm7/6j01ks31,Page,Images: Contact the Monastery of St. Catherine's of the Sinai. Metadata: Unless otherwise indicated all metadata associated with this manuscript is copyright the authors and released under Creative Commons Attribution 4.0 International License.,Sinai Arabic 626,succeeded,https://iiif.sinaimanuscripts.library.ucla.edu/iiif/2/ark%3A%2F21198%2Fz1r79jm7%2F6j01ks31
Masters/sinaimasters/ara/arabic_0626/sld_arb0626_0162_f_079v.tif,162,sinai,f. 079v,Text,,ark:/21198/z1r79jm7,ark:/21198/z1r79jm7/0s147591,Page,Images: Contact the Monastery of St. Catherine's of the Sinai. Metadata: Unless otherwise indicated all metadata associated with this manuscript is copyright the authors and released under Creative Commons Attribution 4.0 International License.,Sinai Arabic 626,succeeded,https://iiif.sinaimanuscripts.library.ucla.edu/iiif/2/ark%3A%2F21198%2Fz1r79jm7%2F0s147591
Masters/sinaimasters/ara/arabic_0626/sld_arb0626_0163_f_080r.tif,163,sinai,f. 080r,Text,,ark:/21198/z1r79jm7,ark:/21198/z1r79jm7/gr02xv1w,Page,Images: Contact the Monastery of St. Catherine's of the Sinai. Metadata: Unless otherwise indicated all metadata associated with this manuscript is copyright the authors and released under Creative Commons Attribution 4.0 International License.,Sinai Arabic 626,succeeded,https://iiif.sinaimanuscripts.library.ucla.edu/iiif/2/ark%3A%2F21198%2Fz1r79jm7%2Fgr02xv1w
Masters/sinaimasters/ara/arabic_0626/sld_arb0626_0164_f_080v.tif,164,sinai,f. 080v,Text,,ark:/21198/z1r79jm7,ark:/21198/z1r79jm7/kf658f4z,Page,Images: Contact the Monastery of St. Catherine's of the Sinai. Metadata: Unless otherwise indicated all metadata associated with this manuscript is copyright the authors and released under Creative Commons Attribution 4.0 International License.,Sinai Arabic 626,succeeded,https://iiif.sinaimanuscripts.library.ucla.edu/iiif/2/ark%3A%2F21198%2Fz1r79jm7%2Fkf658f4z
Masters/sinaimasters/ara/arabic_0626/sld_arb0626_0165_f_081r.tif,165,sinai,f. 081r,Text,,ark:/21198/z1r79jm7,ark:/21198/z1r79jm7/9638jw2z,Page,Images: Contact the Monastery of St. Catherine's of the Sinai. Metadata: Unless otherwise indicated all metadata associated with this manuscript is copyright the authors and released under Creative Commons Attribution 4.0 International License.,Sinai Arabic 626,succeeded,https://iiif.sinaimanuscripts.library.ucla.edu/iiif/2/ark%3A%2F21198%2Fz1r79jm7%2F9638jw2z
Masters/sinaimasters/ara/arabic_0626/sld_arb0626_0166_f_081v.tif,166,sinai,f. 081v,Text,,ark:/21198/z1r79jm7,ark:/21198/z1r79jm7/cj06jj4w,Page,Images: Contact the Monastery of St. Catherine's of the Sinai. Metadata: Unless otherwise indicated all metadata associated with this manuscript is copyright the authors and released under Creative Commons Attribution 4.0 International License.,Sinai Arabic 626,succeeded,https://iiif.sinaimanuscripts.library.ucla.edu/iiif/2/ark%3A%2F21198%2Fz1r79jm7%2Fcj06jj4w
Masters/sinaimasters/ara/arabic_0626/sld_arb0626_0167_f_082r.tif,167,sinai,f. 082r,Text,,ark:/21198/z1r79jm7,ark:/21198/z1r79jm7/vw32f07w,Page,Images: Contact the Monastery of St. Catherine's of the Sinai. Metadata: Unless otherwise indicated all metadata associated with this manuscript is copyright the authors and released under Creative Commons Attribution 4.0 International License.,Sinai Arabic 626,succeeded,https://iiif.sinaimanuscripts.library.ucla.edu/iiif/2/ark%3A%2F21198%2Fz1r79jm7%2Fvw32f07w
Masters/sinaimasters/ara/arabic_0626/sld_arb0626_0168_f_082v.tif,168,sinai,f. 082v,Text,,ark:/21198/z1r79jm7,ark:/21198/z1r79jm7/f3257s9p,Page,Images: Contact the Monastery of St. Catherine's of the Sinai. Metadata: Unless otherwise indicated all metadata associated with this manuscript is copyright the authors and released under Creative Commons Attribution 4.0 International License.,Sinai Arabic 626,succeeded,https://iiif.sinaimanuscripts.library.ucla.edu/iiif/2/ark%3A%2F21198%2Fz1r79jm7%2Ff3257s9p
Masters/sinaimasters/ara/arabic_0626/sld_arb0626_0169_f_083r.tif,169,sinai,f. 083r,Text,,ark:/21198/z1r79jm7,ark:/21198/z1r79jm7/zw94rw56,Page,Images: Contact the Monastery of St. Catherine's of the Sinai. Metadata: Unless otherwise indicated all metadata associated with this manuscript is copyright the authors and released under Creative Commons Attribution 4.0 International License.,Sinai Arabic 626,succeeded,https://iiif.sinaimanuscripts.library.ucla.edu/iiif/2/ark%3A%2F21198%2Fz1r79jm7%2Fzw94rw56
Masters/sinaimasters/ara/arabic_0626/sld_arb0626_0170_f_083v.tif,170,sinai,f. 083v,Text,,ark:/21198/z1r79jm7,ark:/21198/z1r79jm7/jh946p60,Page,Images: Contact the Monastery of St. Catherine's of the Sinai. Metadata: Unless otherwise indicated all metadata associated with this manuscript is copyright the authors and released under Creative Commons Attribution 4.0 International License.,Sinai Arabic 626,succeeded,https://iiif.sinaimanuscripts.library.ucla.edu/iiif/2/ark%3A%2F21198%2Fz1r79jm7%2Fjh946p60
Masters/sinaimasters/ara/arabic_0626/sld_arb0626_0171_f_084r.tif,171,sinai,f. 084r,Text,,ark:/21198/z1r79jm7,ark:/21198/z1r79jm7/1x526g4g,Page,Images: Contact the Monastery of St. Catherine's of the Sinai. Metadata: Unless otherwise indicated all metadata associated with this manuscript is copyright the authors and released under Creative Commons Attribution 4.0 International License.,Sinai Arabic 626,succeeded,https://iiif.sinaimanuscripts.library.ucla.edu/iiif/2/ark%3A%2F21198%2Fz1r79jm7%2F1x526g4g
Masters/sinaimasters/ara/arabic_0626/sld_arb0626_0172_f_084v.tif,172,sinai,f. 084v,Text,,ark:/21198/z1r79jm7,ark:/21198/z1r79jm7/hk31qt0m,Page,Images: Contact the Monastery of St. Catherine's of the Sinai. Metadata: Unless otherwise indicated all metadata associated with this manuscript is copyright the authors and released under Creative Commons Attribution 4.0 International License.,Sinai Arabic 626,succeeded,https://iiif.sinaimanuscripts.library.ucla.edu/iiif/2/ark%3A%2F21198%2Fz1r79jm7%2Fhk31qt0m
Masters/sinaimasters/ara/arabic_0626/sld_arb0626_0173_f_085r.tif,173,sinai,f. 085r,Text,,ark:/21198/z1r79jm7,ark:/21198/z1r79jm7/tn28351r,Page,Images: Contact the Monastery of St. Catherine's of the Sinai. Metadata: Unless otherwise indicated all metadata associated with this manuscript is copyright the authors and released under Creative Commons Attribution 4.0 International License.,Sinai Arabic 626,succeeded,https://iiif.sinaimanuscripts.library.ucla.edu/iiif/2/ark%3A%2F21198%2Fz1r79jm7%2Ftn28351r
Masters/sinaimasters/ara/arabic_0626/sld_arb0626_0174_f_085v.tif,174,sinai,f. 085v,Text,,ark:/21198/z1r79jm7,ark:/21198/z1r79jm7/sg18nz70,Page,Images: Contact the Monastery of St. Catherine's of the Sinai. Metadata: Unless otherwise indicated all metadata associated with this manuscript is copyright the authors and released under Creative Commons Attribution 4.0 International License.,Sinai Arabic 626,succeeded,https://iiif.sinaimanuscripts.library.ucla.edu/iiif/2/ark%3A%2F21198%2Fz1r79jm7%2Fsg18nz70
Masters/sinaimasters/ara/arabic_0626/sld_arb0626_0175_f_086r.tif,175,sinai,f. 086r,Text,,ark:/21198/z1r79jm7,ark:/21198/z1r79jm7/26330x7f,Page,Images: Contact the Monastery of St. Catherine's of the Sinai. Metadata: Unless otherwise indicated all metadata associated with this manuscript is copyright the authors and released under Creative Commons Attribution 4.0 International License.,Sinai Arabic 626,succeeded,https://iiif.sinaimanuscripts.library.ucla.edu/iiif/2/ark%3A%2F21198%2Fz1r79jm7%2F26330x7f
Masters/sinaimasters/ara/arabic_0626/sld_arb0626_0176_f_086v.tif,176,sinai,f. 086v,Text,,ark:/21198/z1r79jm7,ark:/21198/z1r79jm7/30556c0s,Page,Images: Contact the Monastery of St. Catherine's of the Sinai. Metadata: Unless otherwise indicated all metadata associated with this manuscript is copyright the authors and released under Creative Commons Attribution 4.0 International License.,Sinai Arabic 626,succeeded,https://iiif.sinaimanuscripts.library.ucla.edu/iiif/2/ark%3A%2F21198%2Fz1r79jm7%2F30556c0s
Masters/sinaimasters/ara/arabic_0626/sld_arb0626_0177_f_088r.tif,177,sinai,f. 088r,Text,,ark:/21198/z1r79jm7,ark:/21198/z1r79jm7/k109k783,Page,Images: Contact the Monastery of St. Catherine's of the Sinai. Metadata: Unless otherwise indicated all metadata associated with this manuscript is copyright the authors and released under Creative Commons Attribution 4.0 International License.,Sinai Arabic 626,succeeded,https://iiif.sinaimanuscripts.library.ucla.edu/iiif/2/ark%3A%2F21198%2Fz1r79jm7%2Fk109k783
Masters/sinaimasters/ara/arabic_0626/sld_arb0626_0178_f_088v.tif,178,sinai,f. 088v,Text,,ark:/21198/z1r79jm7,ark:/21198/z1r79jm7/q7862475,Page,Images: Contact the Monastery of St. Catherine's of the Sinai. Metadata: Unless otherwise indicated all metadata associated with this manuscript is copyright the authors and released under Creative Commons Attribution 4.0 International License.,Sinai Arabic 626,succeeded,https://iiif.sinaimanuscripts.library.ucla.edu/iiif/2/ark%3A%2F21198%2Fz1r79jm7%2Fq7862475
Masters/sinaimasters/ara/arabic_0626/sld_arb0626_0179_f_089r.tif,179,sinai,f. 089r,Text,,ark:/21198/z1r79jm7,ark:/21198/z1r79jm7/w595rg4w,Page,Images: Contact the Monastery of St. Catherine's of the Sinai. Metadata: Unless otherwise indicated all metadata associated with this manuscript is copyright the authors and released under Creative Commons Attribution 4.0 International License.,Sinai Arabic 626,succeeded,https://iiif.sinaimanuscripts.library.ucla.edu/iiif/2/ark%3A%2F21198%2Fz1r79jm7%2Fw595rg4w
Masters/sinaimasters/ara/arabic_0626/sld_arb0626_0180_f_089v.tif,180,sinai,f. 089v,Text,,ark:/21198/z1r79jm7,ark:/21198/z1r79jm7/sn18zq6r,Page,Images: Contact the Monastery of St. Catherine's of the Sinai. Metadata: Unless otherwise indicated all metadata associated with this manuscript is copyright the authors and released under Creative Commons Attribution 4.0 International License.,Sinai Arabic 626,succeeded,https://iiif.sinaimanuscripts.library.ucla.edu/iiif/2/ark%3A%2F21198%2Fz1r79jm7%2Fsn18zq6r
Masters/sinaimasters/ara/arabic_0626/sld_arb0626_0181_f_090r.tif,181,sinai,f. 090r,Text,,ark:/21198/z1r79jm7,ark:/21198/z1r79jm7/ng41rm08,Page,Images: Contact the Monastery of St. Catherine's of the Sinai. Metadata: Unless otherwise indicated all metadata associated with this manuscript is copyright the authors and released under Creative Commons Attribution 4.0 International License.,Sinai Arabic 626,succeeded,https://iiif.sinaimanuscripts.library.ucla.edu/iiif/2/ark%3A%2F21198%2Fz1r79jm7%2Fng41rm08
Masters/sinaimasters/ara/arabic_0626/sld_arb0626_0182_f_090v.tif,182,sinai,f. 090v,Text,,ark:/21198/z1r79jm7,ark:/21198/z1r79jm7/98139q0s,Page,Images: Contact the Monastery of St. Catherine's of the Sinai. Metadata: Unless otherwise indicated all metadata associated with this manuscript is copyright the authors and released under Creative Commons Attribution 4.0 International License.,Sinai Arabic 626,succeeded,https://iiif.sinaimanuscripts.library.ucla.edu/iiif/2/ark%3A%2F21198%2Fz1r79jm7%2F98139q0s
Masters/sinaimasters/ara/arabic_0626/sld_arb0626_0183_f_091r.tif,183,sinai,f. 091r,Text,,ark:/21198/z1r79jm7,ark:/21198/z1r79jm7/r825v651,Page,Images: Contact the Monastery of St. Catherine's of the Sinai. Metadata: Unless otherwise indicated all metadata associated with this manuscript is copyright the authors and released under Creative Commons Attribution 4.0 International License.,Sinai Arabic 626,succeeded,https://iiif.sinaimanuscripts.library.ucla.edu/iiif/2/ark%3A%2F21198%2Fz1r79jm7%2Fr825v651
Masters/sinaimasters/ara/arabic_0626/sld_arb0626_0184_f_091v.tif,184,sinai,f. 091v,Text,,ark:/21198/z1r79jm7,ark:/21198/z1r79jm7/mx84cs6d,Page,Images: Contact the Monastery of St. Catherine's of the Sinai. Metadata: Unless otherwise indicated all metadata associated with this manuscript is copyright the authors and released under Creative Commons Attribution 4.0 International License.,Sinai Arabic 626,succeeded,https://iiif.sinaimanuscripts.library.ucla.edu/iiif/2/ark%3A%2F21198%2Fz1r79jm7%2Fmx84cs6d
Masters/sinaimasters/ara/arabic_0626/sld_arb0626_0185_f_092r.tif,185,sinai,f. 092r,Text,,ark:/21198/z1r79jm7,ark:/21198/z1r79jm7/8s15zn5w,Page,Images: Contact the Monastery of St. Catherine's of the Sinai. Metadata: Unless otherwise indicated all metadata associated with this manuscript is copyright the authors and released under Creative Commons Attribution 4.0 International License.,Sinai Arabic 626,succeeded,https://iiif.sinaimanuscripts.library.ucla.edu/iiif/2/ark%3A%2F21198%2Fz1r79jm7%2F8s15zn5w
Masters/sinaimasters/ara/arabic_0626/sld_arb0626_0186_f_092v.tif,186,sinai,f. 092v,Text,,ark:/21198/z1r79jm7,ark:/21198/z1r79jm7/6f915c1j,Page,Images: Contact the Monastery of St. Catherine's of the Sinai. Metadata: Unless otherwise indicated all metadata associated with this manuscript is copyright the authors and released under Creative Commons Attribution 4.0 International License.,Sinai Arabic 626,succeeded,https://iiif.sinaimanuscripts.library.ucla.edu/iiif/2/ark%3A%2F21198%2Fz1r79jm7%2F6f915c1j
Masters/sinaimasters/ara/arabic_0626/sld_arb0626_0187_f_093r.tif,187,sinai,f. 093r,Text,,ark:/21198/z1r79jm7,ark:/21198/z1r79jm7/wt904n1g,Page,Images: Contact the Monastery of St. Catherine's of the Sinai. Metadata: Unless otherwise indicated all metadata associated with this manuscript is copyright the authors and released under Creative Commons Attribution 4.0 International License.,Sinai Arabic 626,succeeded,https://iiif.sinaimanuscripts.library.ucla.edu/iiif/2/ark%3A%2F21198%2Fz1r79jm7%2Fwt904n1g
Masters/sinaimasters/ara/arabic_0626/sld_arb0626_0188_f_093v.tif,188,sinai,f. 093v,Text,,ark:/21198/z1r79jm7,ark:/21198/z1r79jm7/kj343w9b,Page,Images: Contact the Monastery of St. Catherine's of the Sinai. Metadata: Unless otherwise indicated all metadata associated with this manuscript is copyright the authors and released under Creative Commons Attribution 4.0 International License.,Sinai Arabic 626,succeeded,https://iiif.sinaimanuscripts.library.ucla.edu/iiif/2/ark%3A%2F21198%2Fz1r79jm7%2Fkj343w9b
Masters/sinaimasters/ara/arabic_0626/sld_arb0626_0189_f_094r.tif,189,sinai,f. 094r,Text,,ark:/21198/z1r79jm7,ark:/21198/z1r79jm7/7444rt0s,Page,Images: Contact the Monastery of St. Catherine's of the Sinai. Metadata: Unless otherwise indicated all metadata associated with this manuscript is copyright the authors and released under Creative Commons Attribution 4.0 International License.,Sinai Arabic 626,succeeded,https://iiif.sinaimanuscripts.library.ucla.edu/iiif/2/ark%3A%2F21198%2Fz1r79jm7%2F7444rt0s
Masters/sinaimasters/ara/arabic_0626/sld_arb0626_0190_f_094v.tif,190,sinai,f. 094v,Text,,ark:/21198/z1r79jm7,ark:/21198/z1r79jm7/vd09131z,Page,Images: Contact the Monastery of St. Catherine's of the Sinai. Metadata: Unless otherwise indicated all metadata associated with this manuscript is copyright the authors and released under Creative Commons Attribution 4.0 International License.,Sinai Arabic 626,succeeded,https://iiif.sinaimanuscripts.library.ucla.edu/iiif/2/ark%3A%2F21198%2Fz1r79jm7%2Fvd09131z
Masters/sinaimasters/ara/arabic_0626/sld_arb0626_0191_f_095r.tif,191,sinai,f. 095r,Text,,ark:/21198/z1r79jm7,ark:/21198/z1r79jm7/5z995q39,Page,Images: Contact the Monastery of St. Catherine's of the Sinai. Metadata: Unless otherwise indicated all metadata associated with this manuscript is copyright the authors and released under Creative Commons Attribution 4.0 International License.,Sinai Arabic 626,succeeded,https://iiif.sinaimanuscripts.library.ucla.edu/iiif/2/ark%3A%2F21198%2Fz1r79jm7%2F5z995q39
Masters/sinaimasters/ara/arabic_0626/sld_arb0626_0192_f_095v.tif,192,sinai,f. 095v,Text,,ark:/21198/z1r79jm7,ark:/21198/z1r79jm7/qq99gq7v,Page,Images: Contact the Monastery of St. Catherine's of the Sinai. Metadata: Unless otherwise indicated all metadata associated with this manuscript is copyright the authors and released under Creative Commons Attribution 4.0 International License.,Sinai Arabic 626,succeeded,https://iiif.sinaimanuscripts.library.ucla.edu/iiif/2/ark%3A%2F21198%2Fz1r79jm7%2Fqq99gq7v
Masters/sinaimasters/ara/arabic_0626/sld_arb0626_0193_f_096r.tif,193,sinai,f. 096r,Text,,ark:/21198/z1r79jm7,ark:/21198/z1r79jm7/mj39xs89,Page,Images: Contact the Monastery of St. Catherine's of the Sinai. Metadata: Unless otherwise indicated all metadata associated with this manuscript is copyright the authors and released under Creative Commons Attribution 4.0 International License.,Sinai Arabic 626,succeeded,https://iiif.sinaimanuscripts.library.ucla.edu/iiif/2/ark%3A%2F21198%2Fz1r79jm7%2Fmj39xs89
Masters/sinaimasters/ara/arabic_0626/sld_arb0626_0194_f_096v.tif,194,sinai,f. 096v,Text,,ark:/21198/z1r79jm7,ark:/21198/z1r79jm7/75965j7s,Page,Images: Contact the Monastery of St. Catherine's of the Sinai. Metadata: Unless otherwise indicated all metadata associated with this manuscript is copyright the authors and released under Creative Commons Attribution 4.0 International License.,Sinai Arabic 626,succeeded,https://iiif.sinaimanuscripts.library.ucla.edu/iiif/2/ark%3A%2F21198%2Fz1r79jm7%2F75965j7s
Masters/sinaimasters/ara/arabic_0626/sld_arb0626_0195_f_097r.tif,195,sinai,f. 097r,Text,,ark:/21198/z1r79jm7,ark:/21198/z1r79jm7/0037k31b,Page,Images: Contact the Monastery of St. Catherine's of the Sinai. Metadata: Unless otherwise indicated all metadata associated with this manuscript is copyright the authors and released under Creative Commons Attribution 4.0 International License.,Sinai Arabic 626,succeeded,https://iiif.sinaimanuscripts.library.ucla.edu/iiif/2/ark%3A%2F21198%2Fz1r79jm7%2F0037k31b
Masters/sinaimasters/ara/arabic_0626/sld_arb0626_0196_f_097v.tif,196,sinai,f. 097v,Text,,ark:/21198/z1r79jm7,ark:/21198/z1r79jm7/3q08t003,Page,Images: Contact the Monastery of St. Catherine's of the Sinai. Metadata: Unless otherwise indicated all metadata associated with this manuscript is copyright the authors and released under Creative Commons Attribution 4.0 International License.,Sinai Arabic 626,succeeded,https://iiif.sinaimanuscripts.library.ucla.edu/iiif/2/ark%3A%2F21198%2Fz1r79jm7%2F3q08t003
Masters/sinaimasters/ara/arabic_0626/sld_arb0626_0197_f_098r.tif,197,sinai,f. 098r,Text,,ark:/21198/z1r79jm7,ark:/21198/z1r79jm7/8k865q1j,Page,Images: Contact the Monastery of St. Catherine's of the Sinai. Metadata: Unless otherwise indicated all metadata associated with this manuscript is copyright the authors and released under Creative Commons Attribution 4.0 International License.,Sinai Arabic 626,succeeded,https://iiif.sinaimanuscripts.library.ucla.edu/iiif/2/ark%3A%2F21198%2Fz1r79jm7%2F8k865q1j
Masters/sinaimasters/ara/arabic_0626/sld_arb0626_0198_f_098v.tif,198,sinai,f. 098v,Text,,ark:/21198/z1r79jm7,ark:/21198/z1r79jm7/kw112h1n,Page,Images: Contact the Monastery of St. Catherine's of the Sinai. Metadata: Unless otherwise indicated all metadata associated with this manuscript is copyright the authors and released under Creative Commons Attribution 4.0 International License.,Sinai Arabic 626,succeeded,https://iiif.sinaimanuscripts.library.ucla.edu/iiif/2/ark%3A%2F21198%2Fz1r79jm7%2Fkw112h1n
Masters/sinaimasters/ara/arabic_0626/sld_arb0626_0199_f_099r.tif,199,sinai,f. 099r,Text,,ark:/21198/z1r79jm7,ark:/21198/z1r79jm7/rs51tb3d,Page,Images: Contact the Monastery of St. Catherine's of the Sinai. Metadata: Unless otherwise indicated all metadata associated with this manuscript is copyright the authors and released under Creative Commons Attribution 4.0 International License.,Sinai Arabic 626,succeeded,https://iiif.sinaimanuscripts.library.ucla.edu/iiif/2/ark%3A%2F21198%2Fz1r79jm7%2Frs51tb3d
Masters/sinaimasters/ara/arabic_0626/sld_arb0626_0200_f_099v.tif,200,sinai,f. 099v,Text,,ark:/21198/z1r79jm7,ark:/21198/z1r79jm7/2648f87k,Page,Images: Contact the Monastery of St. Catherine's of the Sinai. Metadata: Unless otherwise indicated all metadata associated with this manuscript is copyright the authors and released under Creative Commons Attribution 4.0 International License.,Sinai Arabic 626,succeeded,https://iiif.sinaimanuscripts.library.ucla.edu/iiif/2/ark%3A%2F21198%2Fz1r79jm7%2F2648f87k
Masters/sinaimasters/ara/arabic_0626/sld_arb0626_0201_f_100r.tif,201,sinai,f. 100r,Text,,ark:/21198/z1r79jm7,ark:/21198/z1r79jm7/8m86gg4z,Page,Images: Contact the Monastery of St. Catherine's of the Sinai. Metadata: Unless otherwise indicated all metadata associated with this manuscript is copyright the authors and released under Creative Commons Attribution 4.0 International License.,Sinai Arabic 626,succeeded,https://iiif.sinaimanuscripts.library.ucla.edu/iiif/2/ark%3A%2F21198%2Fz1r79jm7%2F8m86gg4z
Masters/sinaimasters/ara/arabic_0626/sld_arb0626_0202_f_100v.tif,202,sinai,f. 100v,Text,,ark:/21198/z1r79jm7,ark:/21198/z1r79jm7/b170r327,Page,Images: Contact the Monastery of St. Catherine's of the Sinai. Metadata: Unless otherwise indicated all metadata associated with this manuscript is copyright the authors and released under Creative Commons Attribution 4.0 International License.,Sinai Arabic 626,succeeded,https://iiif.sinaimanuscripts.library.ucla.edu/iiif/2/ark%3A%2F21198%2Fz1r79jm7%2Fb170r327
Masters/sinaimasters/ara/arabic_0626/sld_arb0626_0203_f_101r.tif,203,sinai,f. 101r,Text,,ark:/21198/z1r79jm7,ark:/21198/z1r79jm7/g689k578,Page,Images: Contact the Monastery of St. Catherine's of the Sinai. Metadata: Unless otherwise indicated all metadata associated with this manuscript is copyright the authors and released under Creative Commons Attribution 4.0 International License.,Sinai Arabic 626,succeeded,https://iiif.sinaimanuscripts.library.ucla.edu/iiif/2/ark%3A%2F21198%2Fz1r79jm7%2Fg689k578
Masters/sinaimasters/ara/arabic_0626/sld_arb0626_0204_f_101v.tif,204,sinai,f. 101v,Text,,ark:/21198/z1r79jm7,ark:/21198/z1r79jm7/vk36qm99,Page,Images: Contact the Monastery of St. Catherine's of the Sinai. Metadata: Unless otherwise indicated all metadata associated with this manuscript is copyright the authors and released under Creative Commons Attribution 4.0 International License.,Sinai Arabic 626,succeeded,https://iiif.sinaimanuscripts.library.ucla.edu/iiif/2/ark%3A%2F21198%2Fz1r79jm7%2Fvk36qm99
Masters/sinaimasters/ara/arabic_0626/sld_arb0626_0205_f_102r.tif,205,sinai,f. 102r,Text,,ark:/21198/z1r79jm7,ark:/21198/z1r79jm7/tm92rk8h,Page,Images: Contact the Monastery of St. Catherine's of the Sinai. Metadata: Unless otherwise indicated all metadata associated with this manuscript is copyright the authors and released under Creative Commons Attribution 4.0 International License.,Sinai Arabic 626,succeeded,https://iiif.sinaimanuscripts.library.ucla.edu/iiif/2/ark%3A%2F21198%2Fz1r79jm7%2Ftm92rk8h
Masters/sinaimasters/ara/arabic_0626/sld_arb0626_0206_f_102v.tif,206,sinai,f. 102v,Text,,ark:/21198/z1r79jm7,ark:/21198/z1r79jm7/6n53bc28,Page,Images: Contact the Monastery of St. Catherine's of the Sinai. Metadata: Unless otherwise indicated all metadata associated with this manuscript is copyright the authors and released under Creative Commons Attribution 4.0 International License.,Sinai Arabic 626,succeeded,https://iiif.sinaimanuscripts.library.ucla.edu/iiif/2/ark%3A%2F21198%2Fz1r79jm7%2F6n53bc28
Masters/sinaimasters/ara/arabic_0626/sld_arb0626_0207_f_103r.tif,207,sinai,f. 103r,Text,,ark:/21198/z1r79jm7,ark:/21198/z1r79jm7/mv70vq6v,Page,Images: Contact the Monastery of St. Catherine's of the Sinai. Metadata: Unless otherwise indicated all metadata associated with this manuscript is copyright the authors and released under Creative Commons Attribution 4.0 International License.,Sinai Arabic 626,succeeded,https://iiif.sinaimanuscripts.library.ucla.edu/iiif/2/ark%3A%2F21198%2Fz1r79jm7%2Fmv70vq6v
Masters/sinaimasters/ara/arabic_0626/sld_arb0626_0208_f_103v.tif,208,sinai,f. 103v,Text,,ark:/21198/z1r79jm7,ark:/21198/z1r79jm7/vd948749,Page,Images: Contact the Monastery of St. Catherine's of the Sinai. Metadata: Unless otherwise indicated all metadata associated with this manuscript is copyright the authors and released under Creative Commons Attribution 4.0 International License.,Sinai Arabic 626,succeeded,https://iiif.sinaimanuscripts.library.ucla.edu/iiif/2/ark%3A%2F21198%2Fz1r79jm7%2Fvd948749
Masters/sinaimasters/ara/arabic_0626/sld_arb0626_0209_f_104r.tif,209,sinai,f. 104r,Text,,ark:/21198/z1r79jm7,ark:/21198/z1r79jm7/c506nt4d,Page,Images: Contact the Monastery of St. Catherine's of the Sinai. Metadata: Unless otherwise indicated all metadata associated with this manuscript is copyright the authors and released under Creative Commons Attribution 4.0 International License.,Sinai Arabic 626,succeeded,https://iiif.sinaimanuscripts.library.ucla.edu/iiif/2/ark%3A%2F21198%2Fz1r79jm7%2Fc506nt4d
Masters/sinaimasters/ara/arabic_0626/sld_arb0626_0210_f_104v.tif,210,sinai,f. 104v,Text,,ark:/21198/z1r79jm7,ark:/21198/z1r79jm7/qr11d53t,Page,Images: Contact the Monastery of St. Catherine's of the Sinai. Metadata: Unless otherwise indicated all metadata associated with this manuscript is copyright the authors and released under Creative Commons Attribution 4.0 International License.,Sinai Arabic 626,succeeded,https://iiif.sinaimanuscripts.library.ucla.edu/iiif/2/ark%3A%2F21198%2Fz1r79jm7%2Fqr11d53t
Masters/sinaimasters/ara/arabic_0626/sld_arb0626_0211_f_105r.tif,211,sinai,f. 105r,Text,,ark:/21198/z1r79jm7,ark:/21198/z1r79jm7/v921dr4t,Page,Images: Contact the Monastery of St. Catherine's of the Sinai. Metadata: Unless otherwise indicated all metadata associated with this manuscript is copyright the authors and released under Creative Commons Attribution 4.0 International License.,Sinai Arabic 626,succeeded,https://iiif.sinaimanuscripts.library.ucla.edu/iiif/2/ark%3A%2F21198%2Fz1r79jm7%2Fv921dr4t
Masters/sinaimasters/ara/arabic_0626/sld_arb0626_0212_f_105v.tif,212,sinai,f. 105v,Text,,ark:/21198/z1r79jm7,ark:/21198/z1r79jm7/8231fv5d,Page,Images: Contact the Monastery of St. Catherine's of the Sinai. Metadata: Unless otherwise indicated all metadata associated with this manuscript is copyright the authors and released under Creative Commons Attribution 4.0 International License.,Sinai Arabic 626,succeeded,https://iiif.sinaimanuscripts.library.ucla.edu/iiif/2/ark%3A%2F21198%2Fz1r79jm7%2F8231fv5d
Masters/sinaimasters/ara/arabic_0626/sld_arb0626_0213_f_106r.tif,213,sinai,f. 106r,Text,,ark:/21198/z1r79jm7,ark:/21198/z1r79jm7/rn86sr54,Page,Images: Contact the Monastery of St. Catherine's of the Sinai. Metadata: Unless otherwise indicated all metadata associated with this manuscript is copyright the authors and released under Creative Commons Attribution 4.0 International License.,Sinai Arabic 626,succeeded,https://iiif.sinaimanuscripts.library.ucla.edu/iiif/2/ark%3A%2F21198%2Fz1r79jm7%2Frn86sr54
Masters/sinaimasters/ara/arabic_0626/sld_arb0626_0214_f_106v.tif,214,sinai,f. 106v,Text,,ark:/21198/z1r79jm7,ark:/21198/z1r79jm7/4845ns53,Page,Images: Contact the Monastery of St. Catherine's of the Sinai. Metadata: Unless otherwise indicated all metadata associated with this manuscript is copyright the authors and released under Creative Commons Attribution 4.0 International License.,Sinai Arabic 626,succeeded,https://iiif.sinaimanuscripts.library.ucla.edu/iiif/2/ark%3A%2F21198%2Fz1r79jm7%2F4845ns53
Masters/sinaimasters/ara/arabic_0626/sld_arb0626_0215_f_107r.tif,215,sinai,f. 107r,Text,,ark:/21198/z1r79jm7,ark:/21198/z1r79jm7/w960fv2n,Page,Images: Contact the Monastery of St. Catherine's of the Sinai. Metadata: Unless otherwise indicated all metadata associated with this manuscript is copyright the authors and released under Creative Commons Attribution 4.0 International License.,Sinai Arabic 626,succeeded,https://iiif.sinaimanuscripts.library.ucla.edu/iiif/2/ark%3A%2F21198%2Fz1r79jm7%2Fw960fv2n
Masters/sinaimasters/ara/arabic_0626/sld_arb0626_0216_f_107v.tif,216,sinai,f. 107v,Text,,ark:/21198/z1r79jm7,ark:/21198/z1r79jm7/71035h6p,Page,Images: Contact the Monastery of St. Catherine's of the Sinai. Metadata: Unless otherwise indicated all metadata associated with this manuscript is copyright the authors and released under Creative Commons Attribution 4.0 International License.,Sinai Arabic 626,succeeded,https://iiif.sinaimanuscripts.library.ucla.edu/iiif/2/ark%3A%2F21198%2Fz1r79jm7%2F71035h6p
Masters/sinaimasters/ara/arabic_0626/sld_arb0626_0217_f_108r.tif,217,sinai,f. 108r,Text,,ark:/21198/z1r79jm7,ark:/21198/z1r79jm7/t960v429,Page,Images: Contact the Monastery of St. Catherine's of the Sinai. Metadata: Unless otherwise indicated all metadata associated with this manuscript is copyright the authors and released under Creative Commons Attribution 4.0 International License.,Sinai Arabic 626,succeeded,https://iiif.sinaimanuscripts.library.ucla.edu/iiif/2/ark%3A%2F21198%2Fz1r79jm7%2Ft960v429
Masters/sinaimasters/ara/arabic_0626/sld_arb0626_0218_f_108v.tif,218,sinai,f. 108v,Text,,ark:/21198/z1r79jm7,ark:/21198/z1r79jm7/b9241502,Page,Images: Contact the Monastery of St. Catherine's of the Sinai. Metadata: Unless otherwise indicated all metadata associated with this manuscript is copyright the authors and released under Creative Commons Attribution 4.0 International License.,Sinai Arabic 626,succeeded,https://iiif.sinaimanuscripts.library.ucla.edu/iiif/2/ark%3A%2F21198%2Fz1r79jm7%2Fb9241502
Masters/sinaimasters/ara/arabic_0626/sld_arb0626_0219_f_109r.tif,219,sinai,f. 109r,Text,,ark:/21198/z1r79jm7,ark:/21198/z1r79jm7/wr68pj0b,Page,Images: Contact the Monastery of St. Catherine's of the Sinai. Metadata: Unless otherwise indicated all metadata associated with this manuscript is copyright the authors and released under Creative Commons Attribution 4.0 International License.,Sinai Arabic 626,succeeded,https://iiif.sinaimanuscripts.library.ucla.edu/iiif/2/ark%3A%2F21198%2Fz1r79jm7%2Fwr68pj0b
Masters/sinaimasters/ara/arabic_0626/sld_arb0626_0220_f_109v.tif,220,sinai,f. 109v,Text,,ark:/21198/z1r79jm7,ark:/21198/z1r79jm7/6g18gw70,Page,Images: Contact the Monastery of St. Catherine's of the Sinai. Metadata: Unless otherwise indicated all metadata associated with this manuscript is copyright the authors and released under Creative Commons Attribution 4.0 International License.,Sinai Arabic 626,succeeded,https://iiif.sinaimanuscripts.library.ucla.edu/iiif/2/ark%3A%2F21198%2Fz1r79jm7%2F6g18gw70
Masters/sinaimasters/ara/arabic_0626/sld_arb0626_0221_f_110r.tif,221,sinai,f. 110r,Text,,ark:/21198/z1r79jm7,ark:/21198/z1r79jm7/s4389r0q,Page,Images: Contact the Monastery of St. Catherine's of the Sinai. Metadata: Unless otherwise indicated all metadata associated with this manuscript is copyright the authors and released under Creative Commons Attribution 4.0 International License.,Sinai Arabic 626,succeeded,https://iiif.sinaimanuscripts.library.ucla.edu/iiif/2/ark%3A%2F21198%2Fz1r79jm7%2Fs4389r0q
Masters/sinaimasters/ara/arabic_0626/sld_arb0626_0222_f_110v.tif,222,sinai,f. 110v,Text,,ark:/21198/z1r79jm7,ark:/21198/z1r79jm7/w551wv36,Page,Images: Contact the Monastery of St. Catherine's of the Sinai. Metadata: Unless otherwise indicated all metadata associated with this manuscript is copyright the authors and released under Creative Commons Attribution 4.0 International License.,Sinai Arabic 626,succeeded,https://iiif.sinaimanuscripts.library.ucla.edu/iiif/2/ark%3A%2F21198%2Fz1r79jm7%2Fw551wv36
Masters/sinaimasters/ara/arabic_0626/sld_arb0626_0223_f_111r.tif,223,sinai,f. 111r,Text,,ark:/21198/z1r79jm7,ark:/21198/z1r79jm7/5751vm65,Page,Images: Contact the Monastery of St. Catherine's of the Sinai. Metadata: Unless otherwise indicated all metadata associated with this manuscript is copyright the authors and released under Creative Commons Attribution 4.0 International License.,Sinai Arabic 626,succeeded,https://iiif.sinaimanuscripts.library.ucla.edu/iiif/2/ark%3A%2F21198%2Fz1r79jm7%2F5751vm65
Masters/sinaimasters/ara/arabic_0626/sld_arb0626_0224_f_111v.tif,224,sinai,f. 111v,Text,,ark:/21198/z1r79jm7,ark:/21198/z1r79jm7/wq77mn4s,Page,Images: Contact the Monastery of St. Catherine's of the Sinai. Metadata: Unless otherwise indicated all metadata associated with this manuscript is copyright the authors and released under Creative Commons Attribution 4.0 International License.,Sinai Arabic 626,succeeded,https://iiif.sinaimanuscripts.library.ucla.edu/iiif/2/ark%3A%2F21198%2Fz1r79jm7%2Fwq77mn4s
Masters/sinaimasters/ara/arabic_0626/sld_arb0626_0225_f_112r.tif,225,sinai,f. 112r,Text,,ark:/21198/z1r79jm7,ark:/21198/z1r79jm7/w409hj09,Page,Images: Contact the Monastery of St. Catherine's of the Sinai. Metadata: Unless otherwise indicated all metadata associated with this manuscript is copyright the authors and released under Creative Commons Attribution 4.0 International License.,Sinai Arabic 626,succeeded,https://iiif.sinaimanuscripts.library.ucla.edu/iiif/2/ark%3A%2F21198%2Fz1r79jm7%2Fw409hj09
Masters/sinaimasters/ara/arabic_0626/sld_arb0626_0226_f_112v.tif,226,sinai,f. 112v,Text,,ark:/21198/z1r79jm7,ark:/21198/z1r79jm7/bt97p806,Page,Images: Contact the Monastery of St. Catherine's of the Sinai. Metadata: Unless otherwise indicated all metadata associated with this manuscript is copyright the authors and released under Creative Commons Attribution 4.0 International License.,Sinai Arabic 626,succeeded,https://iiif.sinaimanuscripts.library.ucla.edu/iiif/2/ark%3A%2F21198%2Fz1r79jm7%2Fbt97p806
Masters/sinaimasters/ara/arabic_0626/sld_arb0626_0227_f_113r.tif,227,sinai,f. 113r,Text,,ark:/21198/z1r79jm7,ark:/21198/z1r79jm7/5z92k32g,Page,Images: Contact the Monastery of St. Catherine's of the Sinai. Metadata: Unless otherwise indicated all metadata associated with this manuscript is copyright the authors and released under Creative Commons Attribution 4.0 International License.,Sinai Arabic 626,succeeded,https://iiif.sinaimanuscripts.library.ucla.edu/iiif/2/ark%3A%2F21198%2Fz1r79jm7%2F5z92k32g
Masters/sinaimasters/ara/arabic_0626/sld_arb0626_0228_f_113v.tif,228,sinai,f. 113v,Text,,ark:/21198/z1r79jm7,ark:/21198/z1r79jm7/7g18j714,Page,Images: Contact the Monastery of St. Catherine's of the Sinai. Metadata: Unless otherwise indicated all metadata associated with this manuscript is copyright the authors and released under Creative Commons Attribution 4.0 International License.,Sinai Arabic 626,succeeded,https://iiif.sinaimanuscripts.library.ucla.edu/iiif/2/ark%3A%2F21198%2Fz1r79jm7%2F7g18j714
Masters/sinaimasters/ara/arabic_0626/sld_arb0626_0229_f_114r.tif,229,sinai,f. 114r,Text,,ark:/21198/z1r79jm7,ark:/21198/z1r79jm7/q578tf2w,Page,Images: Contact the Monastery of St. Catherine's of the Sinai. Metadata: Unless otherwise indicated all metadata associated with this manuscript is copyright the authors and released under Creative Commons Attribution 4.0 International License.,Sinai Arabic 626,succeeded,https://iiif.sinaimanuscripts.library.ucla.edu/iiif/2/ark%3A%2F21198%2Fz1r79jm7%2Fq578tf2w
Masters/sinaimasters/ara/arabic_0626/sld_arb0626_0230_f_114v.tif,230,sinai,f. 114v,Text,,ark:/21198/z1r79jm7,ark:/21198/z1r79jm7/7q44qd8x,Page,Images: Contact the Monastery of St. Catherine's of the Sinai. Metadata: Unless otherwise indicated all metadata associated with this manuscript is copyright the authors and released under Creative Commons Attribution 4.0 International License.,Sinai Arabic 626,succeeded,https://iiif.sinaimanuscripts.library.ucla.edu/iiif/2/ark%3A%2F21198%2Fz1r79jm7%2F7q44qd8x
Masters/sinaimasters/ara/arabic_0626/sld_arb0626_0231_f_115r.tif,231,sinai,f. 115r,Text,,ark:/21198/z1r79jm7,ark:/21198/z1r79jm7/zm38gs48,Page,Images: Contact the Monastery of St. Catherine's of the Sinai. Metadata: Unless otherwise indicated all metadata associated with this manuscript is copyright the authors and released under Creative Commons Attribution 4.0 International License.,Sinai Arabic 626,succeeded,https://iiif.sinaimanuscripts.library.ucla.edu/iiif/2/ark%3A%2F21198%2Fz1r79jm7%2Fzm38gs48
Masters/sinaimasters/ara/arabic_0626/sld_arb0626_0232_f_115v.tif,232,sinai,f. 115v,Text,,ark:/21198/z1r79jm7,ark:/21198/z1r79jm7/bz120g47,Page,Images: Contact the Monastery of St. Catherine's of the Sinai. Metadata: Unless otherwise indicated all metadata associated with this manuscript is copyright the authors and released under Creative Commons Attribution 4.0 International License.,Sinai Arabic 626,succeeded,https://iiif.sinaimanuscripts.library.ucla.edu/iiif/2/ark%3A%2F21198%2Fz1r79jm7%2Fbz120g47
Masters/sinaimasters/ara/arabic_0626/sld_arb0626_0233_f_116r.tif,233,sinai,f. 116r,Text,,ark:/21198/z1r79jm7,ark:/21198/z1r79jm7/0788z452,Page,Images: Contact the Monastery of St. Catherine's of the Sinai. Metadata: Unless otherwise indicated all metadata associated with this manuscript is copyright the authors and released under Creative Commons Attribution 4.0 International License.,Sinai Arabic 626,succeeded,https://iiif.sinaimanuscripts.library.ucla.edu/iiif/2/ark%3A%2F21198%2Fz1r79jm7%2F0788z452
Masters/sinaimasters/ara/arabic_0626/sld_arb0626_0234_f_116v.tif,234,sinai,f. 116v,Text,,ark:/21198/z1r79jm7,ark:/21198/z1r79jm7/2863b48z,Page,Images: Contact the Monastery of St. Catherine's of the Sinai. Metadata: Unless otherwise indicated all metadata associated with this manuscript is copyright the authors and released under Creative Commons Attribution 4.0 International License.,Sinai Arabic 626,succeeded,https://iiif.sinaimanuscripts.library.ucla.edu/iiif/2/ark%3A%2F21198%2Fz1r79jm7%2F2863b48z
Masters/sinaimasters/ara/arabic_0626/sld_arb0626_0235_f_117r.tif,235,sinai,f. 117r,Text,,ark:/21198/z1r79jm7,ark:/21198/z1r79jm7/6431hm5r,Page,Images: Contact the Monastery of St. Catherine's of the Sinai. Metadata: Unless otherwise indicated all metadata associated with this manuscript is copyright the authors and released under Creative Commons Attribution 4.0 International License.,Sinai Arabic 626,succeeded,https://iiif.sinaimanuscripts.library.ucla.edu/iiif/2/ark%3A%2F21198%2Fz1r79jm7%2F6431hm5r
Masters/sinaimasters/ara/arabic_0626/sld_arb0626_0236_f_117v.tif,236,sinai,f. 117v,Text,,ark:/21198/z1r79jm7,ark:/21198/z1r79jm7/5755rr6v,Page,Images: Contact the Monastery of St. Catherine's of the Sinai. Metadata: Unless otherwise indicated all metadata associated with this manuscript is copyright the authors and released under Creative Commons Attribution 4.0 International License.,Sinai Arabic 626,succeeded,https://iiif.sinaimanuscripts.library.ucla.edu/iiif/2/ark%3A%2F21198%2Fz1r79jm7%2F5755rr6v
Masters/sinaimasters/ara/arabic_0626/sld_arb0626_0237_f_118r.tif,237,sinai,f. 118r,Text,,ark:/21198/z1r79jm7,ark:/21198/z1r79jm7/0g04x50j,Page,Images: Contact the Monastery of St. Catherine's of the Sinai. Metadata: Unless otherwise indicated all metadata associated with this manuscript is copyright the authors and released under Creative Commons Attribution 4.0 International License.,Sinai Arabic 626,succeeded,https://iiif.sinaimanuscripts.library.ucla.edu/iiif/2/ark%3A%2F21198%2Fz1r79jm7%2F0g04x50j
Masters/sinaimasters/ara/arabic_0626/sld_arb0626_0238_f_118v.tif,238,sinai,f. 118v,Text,,ark:/21198/z1r79jm7,ark:/21198/z1r79jm7/jh778h04,Page,Images: Contact the Monastery of St. Catherine's of the Sinai. Metadata: Unless otherwise indicated all metadata associated with this manuscript is copyright the authors and released under Creative Commons Attribution 4.0 International License.,Sinai Arabic 626,succeeded,https://iiif.sinaimanuscripts.library.ucla.edu/iiif/2/ark%3A%2F21198%2Fz1r79jm7%2Fjh778h04
Masters/sinaimasters/ara/arabic_0626/sld_arb0626_0239_f_119r.tif,239,sinai,f. 119r,Text,,ark:/21198/z1r79jm7,ark:/21198/z1r79jm7/m028s28r,Page,Images: Contact the Monastery of St. Catherine's of the Sinai. Metadata: Unless otherwise indicated all metadata associated with this manuscript is copyright the authors and released under Creative Commons Attribution 4.0 International License.,Sinai Arabic 626,succeeded,https://iiif.sinaimanuscripts.library.ucla.edu/iiif/2/ark%3A%2F21198%2Fz1r79jm7%2Fm028s28r
Masters/sinaimasters/ara/arabic_0626/sld_arb0626_0240_f_119v.tif,240,sinai,f. 119v,Text,,ark:/21198/z1r79jm7,ark:/21198/z1r79jm7/bf32th21,Page,Images: Contact the Monastery of St. Catherine's of the Sinai. Metadata: Unless otherwise indicated all metadata associated with this manuscript is copyright the authors and released under Creative Commons Attribution 4.0 International License.,Sinai Arabic 626,succeeded,https://iiif.sinaimanuscripts.library.ucla.edu/iiif/2/ark%3A%2F21198%2Fz1r79jm7%2Fbf32th21
Masters/sinaimasters/ara/arabic_0626/sld_arb0626_0241_f_120r.tif,241,sinai,f. 120r,Text,,ark:/21198/z1r79jm7,ark:/21198/z1r79jm7/p326h83s,Page,Images: Contact the Monastery of St. Catherine's of the Sinai. Metadata: Unless otherwise indicated all metadata associated with this manuscript is copyright the authors and released under Creative Commons Attribution 4.0 International License.,Sinai Arabic 626,succeeded,https://iiif.sinaimanuscripts.library.ucla.edu/iiif/2/ark%3A%2F21198%2Fz1r79jm7%2Fp326h83s
Masters/sinaimasters/ara/arabic_0626/sld_arb0626_0242_f_120v.tif,242,sinai,f. 120v,Text,,ark:/21198/z1r79jm7,ark:/21198/z1r79jm7/rp53mn3b,Page,Images: Contact the Monastery of St. Catherine's of the Sinai. Metadata: Unless otherwise indicated all metadata associated with this manuscript is copyright the authors and released under Creative Commons Attribution 4.0 International License.,Sinai Arabic 626,succeeded,https://iiif.sinaimanuscripts.library.ucla.edu/iiif/2/ark%3A%2F21198%2Fz1r79jm7%2Frp53mn3b
Masters/sinaimasters/ara/arabic_0626/sld_arb0626_0243_f_121r.tif,243,sinai,f. 121r,Text,,ark:/21198/z1r79jm7,ark:/21198/z1r79jm7/3259gj5j,Page,Images: Contact the Monastery of St. Catherine's of the Sinai. Metadata: Unless otherwise indicated all metadata associated with this manuscript is copyright the authors and released under Creative Commons Attribution 4.0 International License.,Sinai Arabic 626,succeeded,https://iiif.sinaimanuscripts.library.ucla.edu/iiif/2/ark%3A%2F21198%2Fz1r79jm7%2F3259gj5j
Masters/sinaimasters/ara/arabic_0626/sld_arb0626_0244_f_121v.tif,244,sinai,f. 121v,Text,,ark:/21198/z1r79jm7,ark:/21198/z1r79jm7/2h40w28m,Page,Images: Contact the Monastery of St. Catherine's of the Sinai. Metadata: Unless otherwise indicated all metadata associated with this manuscript is copyright the authors and released under Creative Commons Attribution 4.0 International License.,Sinai Arabic 626,succeeded,https://iiif.sinaimanuscripts.library.ucla.edu/iiif/2/ark%3A%2F21198%2Fz1r79jm7%2F2h40w28m
Masters/sinaimasters/ara/arabic_0626/sld_arb0626_0245_f_122r.tif,245,sinai,f. 122r,Text,,ark:/21198/z1r79jm7,ark:/21198/z1r79jm7/3x00k67c,Page,Images: Contact the Monastery of St. Catherine's of the Sinai. Metadata: Unless otherwise indicated all metadata associated with this manuscript is copyright the authors and released under Creative Commons Attribution 4.0 International License.,Sinai Arabic 626,succeeded,https://iiif.sinaimanuscripts.library.ucla.edu/iiif/2/ark%3A%2F21198%2Fz1r79jm7%2F3x00k67c
Masters/sinaimasters/ara/arabic_0626/sld_arb0626_0246_f_122v.tif,246,sinai,f. 122v,Text,,ark:/21198/z1r79jm7,ark:/21198/z1r79jm7/b2031439,Page,Images: Contact the Monastery of St. Catherine's of the Sinai. Metadata: Unless otherwise indicated all metadata associated with this manuscript is copyright the authors and released under Creative Commons Attribution 4.0 International License.,Sinai Arabic 626,succeeded,https://iiif.sinaimanuscripts.library.ucla.edu/iiif/2/ark%3A%2F21198%2Fz1r79jm7%2Fb2031439
Masters/sinaimasters/ara/arabic_0626/sld_arb0626_0247_f_123r.tif,247,sinai,f. 123r,Text,,ark:/21198/z1r79jm7,ark:/21198/z1r79jm7/2c16qn3t,Page,Images: Contact the Monastery of St. Catherine's of the Sinai. Metadata: Unless otherwise indicated all metadata associated with this manuscript is copyright the authors and released under Creative Commons Attribution 4.0 International License.,Sinai Arabic 626,succeeded,https://iiif.sinaimanuscripts.library.ucla.edu/iiif/2/ark%3A%2F21198%2Fz1r79jm7%2F2c16qn3t
Masters/sinaimasters/ara/arabic_0626/sld_arb0626_0248_f_123v.tif,248,sinai,f. 123v,Text,,ark:/21198/z1r79jm7,ark:/21198/z1r79jm7/vd56sg35,Page,Images: Contact the Monastery of St. Catherine's of the Sinai. Metadata: Unless otherwise indicated all metadata associated with this manuscript is copyright the authors and released under Creative Commons Attribution 4.0 International License.,Sinai Arabic 626,succeeded,https://iiif.sinaimanuscripts.library.ucla.edu/iiif/2/ark%3A%2F21198%2Fz1r79jm7%2Fvd56sg35
Masters/sinaimasters/ara/arabic_0626/sld_arb0626_0249_f_124r.tif,249,sinai,f. 124r,Text,,ark:/21198/z1r79jm7,ark:/21198/z1r79jm7/kh68bf8f,Page,Images: Contact the Monastery of St. Catherine's of the Sinai. Metadata: Unless otherwise indicated all metadata associated with this manuscript is copyright the authors and released under Creative Commons Attribution 4.0 International License.,Sinai Arabic 626,succeeded,https://iiif.sinaimanuscripts.library.ucla.edu/iiif/2/ark%3A%2F21198%2Fz1r79jm7%2Fkh68bf8f
Masters/sinaimasters/ara/arabic_0626/sld_arb0626_0250_f_124v.tif,250,sinai,f. 124v,Text,,ark:/21198/z1r79jm7,ark:/21198/z1r79jm7/tv29f20h,Page,Images: Contact the Monastery of St. Catherine's of the Sinai. Metadata: Unless otherwise indicated all metadata associated with this manuscript is copyright the authors and released under Creative Commons Attribution 4.0 International License.,Sinai Arabic 626,succeeded,https://iiif.sinaimanuscripts.library.ucla.edu/iiif/2/ark%3A%2F21198%2Fz1r79jm7%2Ftv29f20h
Masters/sinaimasters/ara/arabic_0626/sld_arb0626_0251_f_125r.tif,251,sinai,f. 125r,Text,,ark:/21198/z1r79jm7,ark:/21198/z1r79jm7/t336sb70,Page,Images: Contact the Monastery of St. Catherine's of the Sinai. Metadata: Unless otherwise indicated all metadata associated with this manuscript is copyright the authors and released under Creative Commons Attribution 4.0 International License.,Sinai Arabic 626,succeeded,https://iiif.sinaimanuscripts.library.ucla.edu/iiif/2/ark%3A%2F21198%2Fz1r79jm7%2Ft336sb70
Masters/sinaimasters/ara/arabic_0626/sld_arb0626_0252_f_125v.tif,252,sinai,f. 125v,Text,,ark:/21198/z1r79jm7,ark:/21198/z1r79jm7/2r710p1j,Page,Images: Contact the Monastery of St. Catherine's of the Sinai. Metadata: Unless otherwise indicated all metadata associated with this manuscript is copyright the authors and released under Creative Commons Attribution 4.0 International License.,Sinai Arabic 626,succeeded,https://iiif.sinaimanuscripts.library.ucla.edu/iiif/2/ark%3A%2F21198%2Fz1r79jm7%2F2r710p1j
Masters/sinaimasters/ara/arabic_0626/sld_arb0626_0253_f_126r.tif,253,sinai,f. 126r,Text,,ark:/21198/z1r79jm7,ark:/21198/z1r79jm7/6s70280n,Page,Images: Contact the Monastery of St. Catherine's of the Sinai. Metadata: Unless otherwise indicated all metadata associated with this manuscript is copyright the authors and released under Creative Commons Attribution 4.0 International License.,Sinai Arabic 626,succeeded,https://iiif.sinaimanuscripts.library.ucla.edu/iiif/2/ark%3A%2F21198%2Fz1r79jm7%2F6s70280n
Masters/sinaimasters/ara/arabic_0626/sld_arb0626_0254_f_126v.tif,254,sinai,f. 126v,Text,,ark:/21198/z1r79jm7,ark:/21198/z1r79jm7/bh75h11c,Page,Images: Contact the Monastery of St. Catherine's of the Sinai. Metadata: Unless otherwise indicated all metadata associated with this manuscript is copyright the authors and released under Creative Commons Attribution 4.0 International License.,Sinai Arabic 626,succeeded,https://iiif.sinaimanuscripts.library.ucla.edu/iiif/2/ark%3A%2F21198%2Fz1r79jm7%2Fbh75h11c
Masters/sinaimasters/ara/arabic_0626/sld_arb0626_0255_f_127r.tif,255,sinai,f. 127r,Text,,ark:/21198/z1r79jm7,ark:/21198/z1r79jm7/8p681p0p,Page,Images: Contact the Monastery of St. Catherine's of the Sinai. Metadata: Unless otherwise indicated all metadata associated with this manuscript is copyright the authors and released under Creative Commons Attribution 4.0 International License.,Sinai Arabic 626,succeeded,https://iiif.sinaimanuscripts.library.ucla.edu/iiif/2/ark%3A%2F21198%2Fz1r79jm7%2F8p681p0p
Masters/sinaimasters/ara/arabic_0626/sld_arb0626_0256_f_127v.tif,256,sinai,f. 127v,Text,,ark:/21198/z1r79jm7,ark:/21198/z1r79jm7/cz75cr4w,Page,Images: Contact the Monastery of St. Catherine's of the Sinai. Metadata: Unless otherwise indicated all metadata associated with this manuscript is copyright the authors and released under Creative Commons Attribution 4.0 International License.,Sinai Arabic 626,succeeded,https://iiif.sinaimanuscripts.library.ucla.edu/iiif/2/ark%3A%2F21198%2Fz1r79jm7%2Fcz75cr4w
Masters/sinaimasters/ara/arabic_0626/sld_arb0626_0257_f_128r.tif,257,sinai,f. 128r,Text,,ark:/21198/z1r79jm7,ark:/21198/z1r79jm7/1996902c,Page,Images: Contact the Monastery of St. Catherine's of the Sinai. Metadata: Unless otherwise indicated all metadata associated with this manuscript is copyright the authors and released under Creative Commons Attribution 4.0 International License.,Sinai Arabic 626,succeeded,https://iiif.sinaimanuscripts.library.ucla.edu/iiif/2/ark%3A%2F21198%2Fz1r79jm7%2F1996902c
Masters/sinaimasters/ara/arabic_0626/sld_arb0626_0258_f_128v.tif,258,sinai,f. 128v,Text,,ark:/21198/z1r79jm7,ark:/21198/z1r79jm7/b7495404,Page,Images: Contact the Monastery of St. Catherine's of the Sinai. Metadata: Unless otherwise indicated all metadata associated with this manuscript is copyright the authors and released under Creative Commons Attribution 4.0 International License.,Sinai Arabic 626,succeeded,https://iiif.sinaimanuscripts.library.ucla.edu/iiif/2/ark%3A%2F21198%2Fz1r79jm7%2Fb7495404
Masters/sinaimasters/ara/arabic_0626/sld_arb0626_0259_f_129r.tif,259,sinai,f. 129r,Text,,ark:/21198/z1r79jm7,ark:/21198/z1r79jm7/nn66844n,Page,Images: Contact the Monastery of St. Catherine's of the Sinai. Metadata: Unless otherwise indicated all metadata associated with this manuscript is copyright the authors and released under Creative Commons Attribution 4.0 International License.,Sinai Arabic 626,succeeded,https://iiif.sinaimanuscripts.library.ucla.edu/iiif/2/ark%3A%2F21198%2Fz1r79jm7%2Fnn66844n
Masters/sinaimasters/ara/arabic_0626/sld_arb0626_0260_f_129v.tif,260,sinai,f. 129v,Text,,ark:/21198/z1r79jm7,ark:/21198/z1r79jm7/mz83tq4k,Page,Images: Contact the Monastery of St. Catherine's of the Sinai. Metadata: Unless otherwise indicated all metadata associated with this manuscript is copyright the authors and released under Creative Commons Attribution 4.0 International License.,Sinai Arabic 626,succeeded,https://iiif.sinaimanuscripts.library.ucla.edu/iiif/2/ark%3A%2F21198%2Fz1r79jm7%2Fmz83tq4k
Masters/sinaimasters/ara/arabic_0626/sld_arb0626_0261_f_130r.tif,261,sinai,f. 130r,Text,,ark:/21198/z1r79jm7,ark:/21198/z1r79jm7/6k54tg97,Page,Images: Contact the Monastery of St. Catherine's of the Sinai. Metadata: Unless otherwise indicated all metadata associated with this manuscript is copyright the authors and released under Creative Commons Attribution 4.0 International License.,Sinai Arabic 626,succeeded,https://iiif.sinaimanuscripts.library.ucla.edu/iiif/2/ark%3A%2F21198%2Fz1r79jm7%2F6k54tg97
Masters/sinaimasters/ara/arabic_0626/sld_arb0626_0262_f_130v.tif,262,sinai,f. 130v,Text,,ark:/21198/z1r79jm7,ark:/21198/z1r79jm7/6348d52m,Page,Images: Contact the Monastery of St. Catherine's of the Sinai. Metadata: Unless otherwise indicated all metadata associated with this manuscript is copyright the authors and released under Creative Commons Attribution 4.0 International License.,Sinai Arabic 626,succeeded,https://iiif.sinaimanuscripts.library.ucla.edu/iiif/2/ark%3A%2F21198%2Fz1r79jm7%2F6348d52m
Masters/sinaimasters/ara/arabic_0626/sld_arb0626_0263_f_131r.tif,263,sinai,f. 131r,Text,,ark:/21198/z1r79jm7,ark:/21198/z1r79jm7/sw51bv1m,Page,Images: Contact the Monastery of St. Catherine's of the Sinai. Metadata: Unless otherwise indicated all metadata associated with this manuscript is copyright the authors and released under Creative Commons Attribution 4.0 International License.,Sinai Arabic 626,succeeded,https://iiif.sinaimanuscripts.library.ucla.edu/iiif/2/ark%3A%2F21198%2Fz1r79jm7%2Fsw51bv1m
Masters/sinaimasters/ara/arabic_0626/sld_arb0626_0264_f_131v.tif,264,sinai,f. 131v,Text,,ark:/21198/z1r79jm7,ark:/21198/z1r79jm7/mq65h666,Page,Images: Contact the Monastery of St. Catherine's of the Sinai. Metadata: Unless otherwise indicated all metadata associated with this manuscript is copyright the authors and released under Creative Commons Attribution 4.0 International License.,Sinai Arabic 626,succeeded,https://iiif.sinaimanuscripts.library.ucla.edu/iiif/2/ark%3A%2F21198%2Fz1r79jm7%2Fmq65h666
Masters/sinaimasters/ara/arabic_0626/sld_arb0626_0265_f_132r.tif,265,sinai,f. 132r,Text,,ark:/21198/z1r79jm7,ark:/21198/z1r79jm7/tr700n30,Page,Images: Contact the Monastery of St. Catherine's of the Sinai. Metadata: Unless otherwise indicated all metadata associated with this manuscript is copyright the authors and released under Creative Commons Attribution 4.0 International License.,Sinai Arabic 626,succeeded,https://iiif.sinaimanuscripts.library.ucla.edu/iiif/2/ark%3A%2F21198%2Fz1r79jm7%2Ftr700n30
Masters/sinaimasters/ara/arabic_0626/sld_arb0626_0266_f_132v.tif,266,sinai,f. 132v,Text,,ark:/21198/z1r79jm7,ark:/21198/z1r79jm7/k2709z66,Page,Images: Contact the Monastery of St. Catherine's of the Sinai. Metadata: Unless otherwise indicated all metadata associated with this manuscript is copyright the authors and released under Creative Commons Attribution 4.0 International License.,Sinai Arabic 626,succeeded,https://iiif.sinaimanuscripts.library.ucla.edu/iiif/2/ark%3A%2F21198%2Fz1r79jm7%2Fk2709z66
Masters/sinaimasters/ara/arabic_0626/sld_arb0626_0267_f_133r.tif,267,sinai,f. 133r,Text,,ark:/21198/z1r79jm7,ark:/21198/z1r79jm7/4p973t6c,Page,Images: Contact the Monastery of St. Catherine's of the Sinai. Metadata: Unless otherwise indicated all metadata associated with this manuscript is copyright the authors and released under Creative Commons Attribution 4.0 International License.,Sinai Arabic 626,succeeded,https://iiif.sinaimanuscripts.library.ucla.edu/iiif/2/ark%3A%2F21198%2Fz1r79jm7%2F4p973t6c
Masters/sinaimasters/ara/arabic_0626/sld_arb0626_0268_f_133v.tif,268,sinai,f. 133v,Text,,ark:/21198/z1r79jm7,ark:/21198/z1r79jm7/nz857787,Page,Images: Contact the Monastery of St. Catherine's of the Sinai. Metadata: Unless otherwise indicated all metadata associated with this manuscript is copyright the authors and released under Creative Commons Attribution 4.0 International License.,Sinai Arabic 626,succeeded,https://iiif.sinaimanuscripts.library.ucla.edu/iiif/2/ark%3A%2F21198%2Fz1r79jm7%2Fnz857787
Masters/sinaimasters/ara/arabic_0626/sld_arb0626_0269_f_134r.tif,269,sinai,f. 134r,Text,,ark:/21198/z1r79jm7,ark:/21198/z1r79jm7/w7143j41,Page,Images: Contact the Monastery of St. Catherine's of the Sinai. Metadata: Unless otherwise indicated all metadata associated with this manuscript is copyright the authors and released under Creative Commons Attribution 4.0 International License.,Sinai Arabic 626,succeeded,https://iiif.sinaimanuscripts.library.ucla.edu/iiif/2/ark%3A%2F21198%2Fz1r79jm7%2Fw7143j41
Masters/sinaimasters/ara/arabic_0626/sld_arb0626_0270_f_134v.tif,270,sinai,f. 134v,Text,,ark:/21198/z1r79jm7,ark:/21198/z1r79jm7/0j29fh3v,Page,Images: Contact the Monastery of St. Catherine's of the Sinai. Metadata: Unless otherwise indicated all metadata associated with this manuscript is copyright the authors and released under Creative Commons Attribution 4.0 International License.,Sinai Arabic 626,succeeded,https://iiif.sinaimanuscripts.library.ucla.edu/iiif/2/ark%3A%2F21198%2Fz1r79jm7%2F0j29fh3v
Masters/sinaimasters/ara/arabic_0626/sld_arb0626_0271_f_135r.tif,271,sinai,f. 135r,Text,,ark:/21198/z1r79jm7,ark:/21198/z1r79jm7/9q85jr49,Page,Images: Contact the Monastery of St. Catherine's of the Sinai. Metadata: Unless otherwise indicated all metadata associated with this manuscript is copyright the authors and released under Creative Commons Attribution 4.0 International License.,Sinai Arabic 626,succeeded,https://iiif.sinaimanuscripts.library.ucla.edu/iiif/2/ark%3A%2F21198%2Fz1r79jm7%2F9q85jr49
Masters/sinaimasters/ara/arabic_0626/sld_arb0626_0272_f_135v.tif,272,sinai,f. 135v,Text,,ark:/21198/z1r79jm7,ark:/21198/z1r79jm7/x476cp25,Page,Images: Contact the Monastery of St. Catherine's of the Sinai. Metadata: Unless otherwise indicated all metadata associated with this manuscript is copyright the authors and released under Creative Commons Attribution 4.0 International License.,Sinai Arabic 626,succeeded,https://iiif.sinaimanuscripts.library.ucla.edu/iiif/2/ark%3A%2F21198%2Fz1r79jm7%2Fx476cp25
Masters/sinaimasters/ara/arabic_0626/sld_arb0626_0273_f_136r.tif,273,sinai,f. 136r,Text,,ark:/21198/z1r79jm7,ark:/21198/z1r79jm7/cw68js00,Page,Images: Contact the Monastery of St. Catherine's of the Sinai. Metadata: Unless otherwise indicated all metadata associated with this manuscript is copyright the authors and released under Creative Commons Attribution 4.0 International License.,Sinai Arabic 626,succeeded,https://iiif.sinaimanuscripts.library.ucla.edu/iiif/2/ark%3A%2F21198%2Fz1r79jm7%2Fcw68js00
Masters/sinaimasters/ara/arabic_0626/sld_arb0626_0274_f_136v.tif,274,sinai,f. 136v,Text,,ark:/21198/z1r79jm7,ark:/21198/z1r79jm7/dc97ph14,Page,Images: Contact the Monastery of St. Catherine's of the Sinai. Metadata: Unless otherwise indicated all metadata associated with this manuscript is copyright the authors and released under Creative Commons Attribution 4.0 International License.,Sinai Arabic 626,succeeded,https://iiif.sinaimanuscripts.library.ucla.edu/iiif/2/ark%3A%2F21198%2Fz1r79jm7%2Fdc97ph14
Masters/sinaimasters/ara/arabic_0626/sld_arb0626_0275_f_137r.tif,275,sinai,f. 137r,Text,,ark:/21198/z1r79jm7,ark:/21198/z1r79jm7/1n52qv1d,Page,Images: Contact the Monastery of St. Catherine's of the Sinai. Metadata: Unless otherwise indicated all metadata associated with this manuscript is copyright the authors and released under Creative Commons Attribution 4.0 International License.,Sinai Arabic 626,succeeded,https://iiif.sinaimanuscripts.library.ucla.edu/iiif/2/ark%3A%2F21198%2Fz1r79jm7%2F1n52qv1d
Masters/sinaimasters/ara/arabic_0626/sld_arb0626_0276_f_137v.tif,276,sinai,f. 137v,Text,,ark:/21198/z1r79jm7,ark:/21198/z1r79jm7/xb28sc26,Page,Images: Contact the Monastery of St. Catherine's of the Sinai. Metadata: Unless otherwise indicated all metadata associated with this manuscript is copyright the authors and released under Creative Commons Attribution 4.0 International License.,Sinai Arabic 626,succeeded,https://iiif.sinaimanuscripts.library.ucla.edu/iiif/2/ark%3A%2F21198%2Fz1r79jm7%2Fxb28sc26
Masters/sinaimasters/ara/arabic_0626/sld_arb0626_0277_f_138r.tif,277,sinai,f. 138r,Text,,ark:/21198/z1r79jm7,ark:/21198/z1r79jm7/cw422405,Page,Images: Contact the Monastery of St. Catherine's of the Sinai. Metadata: Unless otherwise indicated all metadata associated with this manuscript is copyright the authors and released under Creative Commons Attribution 4.0 International License.,Sinai Arabic 626,succeeded,https://iiif.sinaimanuscripts.library.ucla.edu/iiif/2/ark%3A%2F21198%2Fz1r79jm7%2Fcw422405
Masters/sinaimasters/ara/arabic_0626/sld_arb0626_0278_f_138v.tif,278,sinai,f. 138v,Text,,ark:/21198/z1r79jm7,ark:/21198/z1r79jm7/hw21vk08,Page,Images: Contact the Monastery of St. Catherine's of the Sinai. Metadata: Unless otherwise indicated all metadata associated with this manuscript is copyright the authors and released under Creative Commons Attribution 4.0 International License.,Sinai Arabic 626,succeeded,https://iiif.sinaimanuscripts.library.ucla.edu/iiif/2/ark%3A%2F21198%2Fz1r79jm7%2Fhw21vk08
Masters/sinaimasters/ara/arabic_0626/sld_arb0626_0279_f_139r.tif,279,sinai,f. 139r,Text,,ark:/21198/z1r79jm7,ark:/21198/z1r79jm7/5c55g51q,Page,Images: Contact the Monastery of St. Catherine's of the Sinai. Metadata: Unless otherwise indicated all metadata associated with this manuscript is copyright the authors and released under Creative Commons Attribution 4.0 International License.,Sinai Arabic 626,succeeded,https://iiif.sinaimanuscripts.library.ucla.edu/iiif/2/ark%3A%2F21198%2Fz1r79jm7%2F5c55g51q
Masters/sinaimasters/ara/arabic_0626/sld_arb0626_0280_f_139v.tif,280,sinai,f. 139v,Text,,ark:/21198/z1r79jm7,ark:/21198/z1r79jm7/kq89m53g,Page,Images: Contact the Monastery of St. Catherine's of the Sinai. Metadata: Unless otherwise indicated all metadata associated with this manuscript is copyright the authors and released under Creative Commons Attribution 4.0 International License.,Sinai Arabic 626,succeeded,https://iiif.sinaimanuscripts.library.ucla.edu/iiif/2/ark%3A%2F21198%2Fz1r79jm7%2Fkq89m53g
Masters/sinaimasters/ara/arabic_0626/sld_arb0626_0281_f_140r.tif,281,sinai,f. 140r,Text,,ark:/21198/z1r79jm7,ark:/21198/z1r79jm7/50613h25,Page,Images: Contact the Monastery of St. Catherine's of the Sinai. Metadata: Unless otherwise indicated all metadata associated with this manuscript is copyright the authors and released under Creative Commons Attribution 4.0 International License.,Sinai Arabic 626,succeeded,https://iiif.sinaimanuscripts.library.ucla.edu/iiif/2/ark%3A%2F21198%2Fz1r79jm7%2F50613h25
Masters/sinaimasters/ara/arabic_0626/sld_arb0626_0282_f_140v.tif,282,sinai,f. 140v,Text,,ark:/21198/z1r79jm7,ark:/21198/z1r79jm7/3681qc95,Page,Images: Contact the Monastery of St. Catherine's of the Sinai. Metadata: Unless otherwise indicated all metadata associated with this manuscript is copyright the authors and released under Creative Commons Attribution 4.0 International License.,Sinai Arabic 626,succeeded,https://iiif.sinaimanuscripts.library.ucla.edu/iiif/2/ark%3A%2F21198%2Fz1r79jm7%2F3681qc95
Masters/sinaimasters/ara/arabic_0626/sld_arb0626_0283_f_141r.tif,283,sinai,f. 141r,Text,,ark:/21198/z1r79jm7,ark:/21198/z1r79jm7/5p87jf9t,Page,Images: Contact the Monastery of St. Catherine's of the Sinai. Metadata: Unless otherwise indicated all metadata associated with this manuscript is copyright the authors and released under Creative Commons Attribution 4.0 International License.,Sinai Arabic 626,succeeded,https://iiif.sinaimanuscripts.library.ucla.edu/iiif/2/ark%3A%2F21198%2Fz1r79jm7%2F5p87jf9t
Masters/sinaimasters/ara/arabic_0626/sld_arb0626_0284_f_141v.tif,284,sinai,f. 141v,Text,,ark:/21198/z1r79jm7,ark:/21198/z1r79jm7/c5242w91,Page,Images: Contact the Monastery of St. Catherine's of the Sinai. Metadata: Unless otherwise indicated all metadata associated with this manuscript is copyright the authors and released under Creative Commons Attribution 4.0 International License.,Sinai Arabic 626,succeeded,https://iiif.sinaimanuscripts.library.ucla.edu/iiif/2/ark%3A%2F21198%2Fz1r79jm7%2Fc5242w91
Masters/sinaimasters/ara/arabic_0626/sld_arb0626_0285_f_142r.tif,285,sinai,f. 142r,Text,,ark:/21198/z1r79jm7,ark:/21198/z1r79jm7/n631zh2z,Page,Images: Contact the Monastery of St. Catherine's of the Sinai. Metadata: Unless otherwise indicated all metadata associated with this manuscript is copyright the authors and released under Creative Commons Attribution 4.0 International License.,Sinai Arabic 626,succeeded,https://iiif.sinaimanuscripts.library.ucla.edu/iiif/2/ark%3A%2F21198%2Fz1r79jm7%2Fn631zh2z
Masters/sinaimasters/ara/arabic_0626/sld_arb0626_0286_f_142v.tif,286,sinai,f. 142v,Text,,ark:/21198/z1r79jm7,ark:/21198/z1r79jm7/rg535x48,Page,Images: Contact the Monastery of St. Catherine's of the Sinai. Metadata: Unless otherwise indicated all metadata associated with this manuscript is copyright the authors and released under Creative Commons Attribution 4.0 International License.,Sinai Arabic 626,succeeded,https://iiif.sinaimanuscripts.library.ucla.edu/iiif/2/ark%3A%2F21198%2Fz1r79jm7%2Frg535x48
Masters/sinaimasters/ara/arabic_0626/sld_arb0626_0287_f_143r.tif,287,sinai,f. 143r,Text,,ark:/21198/z1r79jm7,ark:/21198/z1r79jm7/b348rg66,Page,Images: Contact the Monastery of St. Catherine's of the Sinai. Metadata: Unless otherwise indicated all metadata associated with this manuscript is copyright the authors and released under Creative Commons Attribution 4.0 International License.,Sinai Arabic 626,succeeded,https://iiif.sinaimanuscripts.library.ucla.edu/iiif/2/ark%3A%2F21198%2Fz1r79jm7%2Fb348rg66
Masters/sinaimasters/ara/arabic_0626/sld_arb0626_0288_f_143v.tif,288,sinai,f. 143v,Text,,ark:/21198/z1r79jm7,ark:/21198/z1r79jm7/k962371q,Page,Images: Contact the Monastery of St. Catherine's of the Sinai. Metadata: Unless otherwise indicated all metadata associated with this manuscript is copyright the authors and released under Creative Commons Attribution 4.0 International License.,Sinai Arabic 626,succeeded,https://iiif.sinaimanuscripts.library.ucla.edu/iiif/2/ark%3A%2F21198%2Fz1r79jm7%2Fk962371q
Masters/sinaimasters/ara/arabic_0626/sld_arb0626_0289_f_144r.tif,289,sinai,f. 144r,Text,,ark:/21198/z1r79jm7,ark:/21198/z1r79jm7/qs63gx4j,Page,Images: Contact the Monastery of St. Catherine's of the Sinai. Metadata: Unless otherwise indicated all metadata associated with this manuscript is copyright the authors and released under Creative Commons Attribution 4.0 International License.,Sinai Arabic 626,succeeded,https://iiif.sinaimanuscripts.library.ucla.edu/iiif/2/ark%3A%2F21198%2Fz1r79jm7%2Fqs63gx4j
Masters/sinaimasters/ara/arabic_0626/sld_arb0626_0290_f_144v.tif,290,sinai,f. 144v,Text,,ark:/21198/z1r79jm7,ark:/21198/z1r79jm7/5r04pt30,Page,Images: Contact the Monastery of St. Catherine's of the Sinai. Metadata: Unless otherwise indicated all metadata associated with this manuscript is copyright the authors and released under Creative Commons Attribution 4.0 International License.,Sinai Arabic 626,succeeded,https://iiif.sinaimanuscripts.library.ucla.edu/iiif/2/ark%3A%2F21198%2Fz1r79jm7%2F5r04pt30
Masters/sinaimasters/ara/arabic_0626/sld_arb0626_0291_f_145r.tif,291,sinai,f. 145r,Text,,ark:/21198/z1r79jm7,ark:/21198/z1r79jm7/h948ht5p,Page,Images: Contact the Monastery of St. Catherine's of the Sinai. Metadata: Unless otherwise indicated all metadata associated with this manuscript is copyright the authors and released under Creative Commons Attribution 4.0 International License.,Sinai Arabic 626,succeeded,https://iiif.sinaimanuscripts.library.ucla.edu/iiif/2/ark%3A%2F21198%2Fz1r79jm7%2Fh948ht5p
Masters/sinaimasters/ara/arabic_0626/sld_arb0626_0292_f_145v.tif,292,sinai,f. 145v,Text,,ark:/21198/z1r79jm7,ark:/21198/z1r79jm7/kg48rt9p,Page,Images: Contact the Monastery of St. Catherine's of the Sinai. Metadata: Unless otherwise indicated all metadata associated with this manuscript is copyright the authors and released under Creative Commons Attribution 4.0 International License.,Sinai Arabic 626,succeeded,https://iiif.sinaimanuscripts.library.ucla.edu/iiif/2/ark%3A%2F21198%2Fz1r79jm7%2Fkg48rt9p
Masters/sinaimasters/ara/arabic_0626/sld_arb0626_0293_f_146r.tif,293,sinai,f. 146r,Text,,ark:/21198/z1r79jm7,ark:/21198/z1r79jm7/nj79n32b,Page,Images: Contact the Monastery of St. Catherine's of the Sinai. Metadata: Unless otherwise indicated all metadata associated with this manuscript is copyright the authors and released under Creative Commons Attribution 4.0 International License.,Sinai Arabic 626,succeeded,https://iiif.sinaimanuscripts.library.ucla.edu/iiif/2/ark%3A%2F21198%2Fz1r79jm7%2Fnj79n32b
Masters/sinaimasters/ara/arabic_0626/sld_arb0626_0294_f_146v.tif,294,sinai,f. 146v,Text,,ark:/21198/z1r79jm7,ark:/21198/z1r79jm7/rm98m75d,Page,Images: Contact the Monastery of St. Catherine's of the Sinai. Metadata: Unless otherwise indicated all metadata associated with this manuscript is copyright the authors and released under Creative Commons Attribution 4.0 International License.,Sinai Arabic 626,succeeded,https://iiif.sinaimanuscripts.library.ucla.edu/iiif/2/ark%3A%2F21198%2Fz1r79jm7%2Frm98m75d
Masters/sinaimasters/ara/arabic_0626/sld_arb0626_0295_f_147r.tif,295,sinai,f. 147r,Text,,ark:/21198/z1r79jm7,ark:/21198/z1r79jm7/qf63zd39,Page,Images: Contact the Monastery of St. Catherine's of the Sinai. Metadata: Unless otherwise indicated all metadata associated with this manuscript is copyright the authors and released under Creative Commons Attribution 4.0 International License.,Sinai Arabic 626,succeeded,https://iiif.sinaimanuscripts.library.ucla.edu/iiif/2/ark%3A%2F21198%2Fz1r79jm7%2Fqf63zd39
Masters/sinaimasters/ara/arabic_0626/sld_arb0626_0296_f_147v.tif,296,sinai,f. 147v,Text,,ark:/21198/z1r79jm7,ark:/21198/z1r79jm7/b9755w25,Page,Images: Contact the Monastery of St. Catherine's of the Sinai. Metadata: Unless otherwise indicated all metadata associated with this manuscript is copyright the authors and released under Creative Commons Attribution 4.0 International License.,Sinai Arabic 626,succeeded,https://iiif.sinaimanuscripts.library.ucla.edu/iiif/2/ark%3A%2F21198%2Fz1r79jm7%2Fb9755w25
Masters/sinaimasters/ara/arabic_0626/sld_arb0626_0297_f_148r.tif,297,sinai,f. 148r,Text,,ark:/21198/z1r79jm7,ark:/21198/z1r79jm7/9q87sq07,Page,Images: Contact the Monastery of St. Catherine's of the Sinai. Metadata: Unless otherwise indicated all metadata associated with this manuscript is copyright the authors and released under Creative Commons Attribution 4.0 International License.,Sinai Arabic 626,succeeded,https://iiif.sinaimanuscripts.library.ucla.edu/iiif/2/ark%3A%2F21198%2Fz1r79jm7%2F9q87sq07
Masters/sinaimasters/ara/arabic_0626/sld_arb0626_0298_f_148v.tif,298,sinai,f. 148v,Text,,ark:/21198/z1r79jm7,ark:/21198/z1r79jm7/1t93r830,Page,Images: Contact the Monastery of St. Catherine's of the Sinai. Metadata: Unless otherwise indicated all metadata associated with this manuscript is copyright the authors and released under Creative Commons Attribution 4.0 International License.,Sinai Arabic 626,succeeded,https://iiif.sinaimanuscripts.library.ucla.edu/iiif/2/ark%3A%2F21198%2Fz1r79jm7%2F1t93r830
Masters/sinaimasters/ara/arabic_0626/sld_arb0626_0299_f_149r.tif,299,sinai,f. 149r,Text,,ark:/21198/z1r79jm7,ark:/21198/z1r79jm7/19890k84,Page,Images: Contact the Monastery of St. Catherine's of the Sinai. Metadata: Unless otherwise indicated all metadata associated with this manuscript is copyright the authors and released under Creative Commons Attribution 4.0 International License.,Sinai Arabic 626,succeeded,https://iiif.sinaimanuscripts.library.ucla.edu/iiif/2/ark%3A%2F21198%2Fz1r79jm7%2F19890k84
Masters/sinaimasters/ara/arabic_0626/sld_arb0626_0300_f_149v.tif,300,sinai,f. 149v,Text,,ark:/21198/z1r79jm7,ark:/21198/z1r79jm7/vx493p5j,Page,Images: Contact the Monastery of St. Catherine's of the Sinai. Metadata: Unless otherwise indicated all metadata associated with this manuscript is copyright the authors and released under Creative Commons Attribution 4.0 International License.,Sinai Arabic 626,succeeded,https://iiif.sinaimanuscripts.library.ucla.edu/iiif/2/ark%3A%2F21198%2Fz1r79jm7%2Fvx493p5j
Masters/sinaimasters/ara/arabic_0626/sld_arb0626_0301_f_150r.tif,301,sinai,f. 150r,Text,,ark:/21198/z1r79jm7,ark:/21198/z1r79jm7/0g279d0q,Page,Images: Contact the Monastery of St. Catherine's of the Sinai. Metadata: Unless otherwise indicated all metadata associated with this manuscript is copyright the authors and released under Creative Commons Attribution 4.0 International License.,Sinai Arabic 626,succeeded,https://iiif.sinaimanuscripts.library.ucla.edu/iiif/2/ark%3A%2F21198%2Fz1r79jm7%2F0g279d0q
Masters/sinaimasters/ara/arabic_0626/sld_arb0626_0302_f_150v.tif,302,sinai,f. 150v,Text,,ark:/21198/z1r79jm7,ark:/21198/z1r79jm7/nx93t59z,Page,Images: Contact the Monastery of St. Catherine's of the Sinai. Metadata: Unless otherwise indicated all metadata associated with this manuscript is copyright the authors and released under Creative Commons Attribution 4.0 International License.,Sinai Arabic 626,succeeded,https://iiif.sinaimanuscripts.library.ucla.edu/iiif/2/ark%3A%2F21198%2Fz1r79jm7%2Fnx93t59z
Masters/sinaimasters/ara/arabic_0626/sld_arb0626_0303_f_151r.tif,303,sinai,f. 151r,Text,,ark:/21198/z1r79jm7,ark:/21198/z1r79jm7/v933d53h,Page,Images: Contact the Monastery of St. Catherine's of the Sinai. Metadata: Unless otherwise indicated all metadata associated with this manuscript is copyright the authors and released under Creative Commons Attribution 4.0 International License.,Sinai Arabic 626,succeeded,https://iiif.sinaimanuscripts.library.ucla.edu/iiif/2/ark%3A%2F21198%2Fz1r79jm7%2Fv933d53h
Masters/sinaimasters/ara/arabic_0626/sld_arb0626_0304_f_151v.tif,304,sinai,f. 151v,Text,,ark:/21198/z1r79jm7,ark:/21198/z1r79jm7/bk440s4v,Page,Images: Contact the Monastery of St. Catherine's of the Sinai. Metadata: Unless otherwise indicated all metadata associated with this manuscript is copyright the authors and released under Creative Commons Attribution 4.0 International License.,Sinai Arabic 626,succeeded,https://iiif.sinaimanuscripts.library.ucla.edu/iiif/2/ark%3A%2F21198%2Fz1r79jm7%2Fbk440s4v
Masters/sinaimasters/ara/arabic_0626/sld_arb0626_0305_f_152r.tif,305,sinai,f. 152r,Text,,ark:/21198/z1r79jm7,ark:/21198/z1r79jm7/x460c57k,Page,Images: Contact the Monastery of St. Catherine's of the Sinai. Metadata: Unless otherwise indicated all metadata associated with this manuscript is copyright the authors and released under Creative Commons Attribution 4.0 International License.,Sinai Arabic 626,succeeded,https://iiif.sinaimanuscripts.library.ucla.edu/iiif/2/ark%3A%2F21198%2Fz1r79jm7%2Fx460c57k
Masters/sinaimasters/ara/arabic_0626/sld_arb0626_0306_f_152v.tif,306,sinai,f. 152v,Text,,ark:/21198/z1r79jm7,ark:/21198/z1r79jm7/pt78x244,Page,Images: Contact the Monastery of St. Catherine's of the Sinai. Metadata: Unless otherwise indicated all metadata associated with this manuscript is copyright the authors and released under Creative Commons Attribution 4.0 International License.,Sinai Arabic 626,succeeded,https://iiif.sinaimanuscripts.library.ucla.edu/iiif/2/ark%3A%2F21198%2Fz1r79jm7%2Fpt78x244
Masters/sinaimasters/ara/arabic_0626/sld_arb0626_0307_f_153r.tif,307,sinai,f. 153r,Text,,ark:/21198/z1r79jm7,ark:/21198/z1r79jm7/j4260b77,Page,Images: Contact the Monastery of St. Catherine's of the Sinai. Metadata: Unless otherwise indicated all metadata associated with this manuscript is copyright the authors and released under Creative Commons Attribution 4.0 International License.,Sinai Arabic 626,succeeded,https://iiif.sinaimanuscripts.library.ucla.edu/iiif/2/ark%3A%2F21198%2Fz1r79jm7%2Fj4260b77
Masters/sinaimasters/ara/arabic_0626/sld_arb0626_0308_f_153v.tif,308,sinai,f. 153v,Text,,ark:/21198/z1r79jm7,ark:/21198/z1r79jm7/gx03q63x,Page,Images: Contact the Monastery of St. Catherine's of the Sinai. Metadata: Unless otherwise indicated all metadata associated with this manuscript is copyright the authors and released under Creative Commons Attribution 4.0 International License.,Sinai Arabic 626,succeeded,https://iiif.sinaimanuscripts.library.ucla.edu/iiif/2/ark%3A%2F21198%2Fz1r79jm7%2Fgx03q63x
Masters/sinaimasters/ara/arabic_0626/sld_arb0626_0309_f_154r.tif,309,sinai,f. 154r,Text,,ark:/21198/z1r79jm7,ark:/21198/z1r79jm7/b510t652,Page,Images: Contact the Monastery of St. Catherine's of the Sinai. Metadata: Unless otherwise indicated all metadata associated with this manuscript is copyright the authors and released under Creative Commons Attribution 4.0 International License.,Sinai Arabic 626,succeeded,https://iiif.sinaimanuscripts.library.ucla.edu/iiif/2/ark%3A%2F21198%2Fz1r79jm7%2Fb510t652
Masters/sinaimasters/ara/arabic_0626/sld_arb0626_0310_f_154v.tif,310,sinai,f. 154v,Text,,ark:/21198/z1r79jm7,ark:/21198/z1r79jm7/4s223b66,Page,Images: Contact the Monastery of St. Catherine's of the Sinai. Metadata: Unless otherwise indicated all metadata associated with this manuscript is copyright the authors and released under Creative Commons Attribution 4.0 International License.,Sinai Arabic 626,succeeded,https://iiif.sinaimanuscripts.library.ucla.edu/iiif/2/ark%3A%2F21198%2Fz1r79jm7%2F4s223b66
Masters/sinaimasters/ara/arabic_0626/sld_arb0626_0311_f_155r.tif,311,sinai,f. 155r,Text,,ark:/21198/z1r79jm7,ark:/21198/z1r79jm7/6396pk45,Page,Images: Contact the Monastery of St. Catherine's of the Sinai. Metadata: Unless otherwise indicated all metadata associated with this manuscript is copyright the authors and released under Creative Commons Attribution 4.0 International License.,Sinai Arabic 626,succeeded,https://iiif.sinaimanuscripts.library.ucla.edu/iiif/2/ark%3A%2F21198%2Fz1r79jm7%2F6396pk45
Masters/sinaimasters/ara/arabic_0626/sld_arb0626_0312_f_155v.tif,312,sinai,f. 155v,Text,,ark:/21198/z1r79jm7,ark:/21198/z1r79jm7/jk43kg68,Page,Images: Contact the Monastery of St. Catherine's of the Sinai. Metadata: Unless otherwise indicated all metadata associated with this manuscript is copyright the authors and released under Creative Commons Attribution 4.0 International License.,Sinai Arabic 626,succeeded,https://iiif.sinaimanuscripts.library.ucla.edu/iiif/2/ark%3A%2F21198%2Fz1r79jm7%2Fjk43kg68
Masters/sinaimasters/ara/arabic_0626/sld_arb0626_0313_f_156r.tif,313,sinai,f. 156r,Text,,ark:/21198/z1r79jm7,ark:/21198/z1r79jm7/7c711x22,Page,Images: Contact the Monastery of St. Catherine's of the Sinai. Metadata: Unless otherwise indicated all metadata associated with this manuscript is copyright the authors and released under Creative Commons Attribution 4.0 International License.,Sinai Arabic 626,succeeded,https://iiif.sinaimanuscripts.library.ucla.edu/iiif/2/ark%3A%2F21198%2Fz1r79jm7%2F7c711x22
Masters/sinaimasters/ara/arabic_0626/sld_arb0626_0314_f_156v.tif,314,sinai,f. 156v,Text,,ark:/21198/z1r79jm7,ark:/21198/z1r79jm7/sc74gt3f,Page,Images: Contact the Monastery of St. Catherine's of the Sinai. Metadata: Unless otherwise indicated all metadata associated with this manuscript is copyright the authors and released under Creative Commons Attribution 4.0 International License.,Sinai Arabic 626,succeeded,https://iiif.sinaimanuscripts.library.ucla.edu/iiif/2/ark%3A%2F21198%2Fz1r79jm7%2Fsc74gt3f
Masters/sinaimasters/ara/arabic_0626/sld_arb0626_0315_f_157r.tif,315,sinai,f. 157r,Text,,ark:/21198/z1r79jm7,ark:/21198/z1r79jm7/bw71nx90,Page,Images: Contact the Monastery of St. Catherine's of the Sinai. Metadata: Unless otherwise indicated all metadata associated with this manuscript is copyright the authors and released under Creative Commons Attribution 4.0 International License.,Sinai Arabic 626,succeeded,https://iiif.sinaimanuscripts.library.ucla.edu/iiif/2/ark%3A%2F21198%2Fz1r79jm7%2Fbw71nx90
Masters/sinaimasters/ara/arabic_0626/sld_arb0626_0316_f_157v.tif,316,sinai,f. 157v,Text,,ark:/21198/z1r79jm7,ark:/21198/z1r79jm7/5621126n,Page,Images: Contact the Monastery of St. Catherine's of the Sinai. Metadata: Unless otherwise indicated all metadata associated with this manuscript is copyright the authors and released under Creative Commons Attribution 4.0 International License.,Sinai Arabic 626,succeeded,https://iiif.sinaimanuscripts.library.ucla.edu/iiif/2/ark%3A%2F21198%2Fz1r79jm7%2F5621126n
Masters/sinaimasters/ara/arabic_0626/sld_arb0626_0317_f_158r.tif,317,sinai,f. 158r,Text,,ark:/21198/z1r79jm7,ark:/21198/z1r79jm7/6n551m9m,Page,Images: Contact the Monastery of St. Catherine's of the Sinai. Metadata: Unless otherwise indicated all metadata associated with this manuscript is copyright the authors and released under Creative Commons Attribution 4.0 International License.,Sinai Arabic 626,succeeded,https://iiif.sinaimanuscripts.library.ucla.edu/iiif/2/ark%3A%2F21198%2Fz1r79jm7%2F6n551m9m
Masters/sinaimasters/ara/arabic_0626/sld_arb0626_0318_f_158v.tif,318,sinai,f. 158v,Text,,ark:/21198/z1r79jm7,ark:/21198/z1r79jm7/wk89bd7n,Page,Images: Contact the Monastery of St. Catherine's of the Sinai. Metadata: Unless otherwise indicated all metadata associated with this manuscript is copyright the authors and released under Creative Commons Attribution 4.0 International License.,Sinai Arabic 626,succeeded,https://iiif.sinaimanuscripts.library.ucla.edu/iiif/2/ark%3A%2F21198%2Fz1r79jm7%2Fwk89bd7n
Masters/sinaimasters/ara/arabic_0626/sld_arb0626_0319_f_159r.tif,319,sinai,f. 159r,Text,,ark:/21198/z1r79jm7,ark:/21198/z1r79jm7/3114n774,Page,Images: Contact the Monastery of St. Catherine's of the Sinai. Metadata: Unless otherwise indicated all metadata associated with this manuscript is copyright the authors and released under Creative Commons Attribution 4.0 International License.,Sinai Arabic 626,succeeded,https://iiif.sinaimanuscripts.library.ucla.edu/iiif/2/ark%3A%2F21198%2Fz1r79jm7%2F3114n774
Masters/sinaimasters/ara/arabic_0626/sld_arb0626_0320_f_159v.tif,320,sinai,f. 159v,Text,,ark:/21198/z1r79jm7,ark:/21198/z1r79jm7/15508q0w,Page,Images: Contact the Monastery of St. Catherine's of the Sinai. Metadata: Unless otherwise indicated all metadata associated with this manuscript is copyright the authors and released under Creative Commons Attribution 4.0 International License.,Sinai Arabic 626,succeeded,https://iiif.sinaimanuscripts.library.ucla.edu/iiif/2/ark%3A%2F21198%2Fz1r79jm7%2F15508q0w
Masters/sinaimasters/ara/arabic_0626/sld_arb0626_0321_f_160r.tif,321,sinai,f. 160r,Text,,ark:/21198/z1r79jm7,ark:/21198/z1r79jm7/9501rk51,Page,Images: Contact the Monastery of St. Catherine's of the Sinai. Metadata: Unless otherwise indicated all metadata associated with this manuscript is copyright the authors and released under Creative Commons Attribution 4.0 International License.,Sinai Arabic 626,succeeded,https://iiif.sinaimanuscripts.library.ucla.edu/iiif/2/ark%3A%2F21198%2Fz1r79jm7%2F9501rk51
Masters/sinaimasters/ara/arabic_0626/sld_arb0626_0322_f_160v.tif,322,sinai,f. 160v,Text,,ark:/21198/z1r79jm7,ark:/21198/z1r79jm7/0357089v,Page,Images: Contact the Monastery of St. Catherine's of the Sinai. Metadata: Unless otherwise indicated all metadata associated with this manuscript is copyright the authors and released under Creative Commons Attribution 4.0 International License.,Sinai Arabic 626,succeeded,https://iiif.sinaimanuscripts.library.ucla.edu/iiif/2/ark%3A%2F21198%2Fz1r79jm7%2F0357089v
Masters/sinaimasters/ara/arabic_0626/sld_arb0626_0323_f_161r.tif,323,sinai,f. 161r,Text,,ark:/21198/z1r79jm7,ark:/21198/z1r79jm7/z5041c5x,Page,Images: Contact the Monastery of St. Catherine's of the Sinai. Metadata: Unless otherwise indicated all metadata associated with this manuscript is copyright the authors and released under Creative Commons Attribution 4.0 International License.,Sinai Arabic 626,succeeded,https://iiif.sinaimanuscripts.library.ucla.edu/iiif/2/ark%3A%2F21198%2Fz1r79jm7%2Fz5041c5x
Masters/sinaimasters/ara/arabic_0626/sld_arb0626_0324_f_161v.tif,324,sinai,f. 161v,Text,,ark:/21198/z1r79jm7,ark:/21198/z1r79jm7/2g90w708,Page,Images: Contact the Monastery of St. Catherine's of the Sinai. Metadata: Unless otherwise indicated all metadata associated with this manuscript is copyright the authors and released under Creative Commons Attribution 4.0 International License.,Sinai Arabic 626,succeeded,https://iiif.sinaimanuscripts.library.ucla.edu/iiif/2/ark%3A%2F21198%2Fz1r79jm7%2F2g90w708
Masters/sinaimasters/ara/arabic_0626/sld_arb0626_0325_f_162r.tif,325,sinai,f. 162r,Text,,ark:/21198/z1r79jm7,ark:/21198/z1r79jm7/cs84ct1t,Page,Images: Contact the Monastery of St. Catherine's of the Sinai. Metadata: Unless otherwise indicated all metadata associated with this manuscript is copyright the authors and released under Creative Commons Attribution 4.0 International License.,Sinai Arabic 626,succeeded,https://iiif.sinaimanuscripts.library.ucla.edu/iiif/2/ark%3A%2F21198%2Fz1r79jm7%2Fcs84ct1t
Masters/sinaimasters/ara/arabic_0626/sld_arb0626_0326_f_162v.tif,326,sinai,f. 162v,Text,,ark:/21198/z1r79jm7,ark:/21198/z1r79jm7/0161pt4d,Page,Images: Contact the Monastery of St. Catherine's of the Sinai. Metadata: Unless otherwise indicated all metadata associated with this manuscript is copyright the authors and released under Creative Commons Attribution 4.0 International License.,Sinai Arabic 626,succeeded,https://iiif.sinaimanuscripts.library.ucla.edu/iiif/2/ark%3A%2F21198%2Fz1r79jm7%2F0161pt4d
Masters/sinaimasters/ara/arabic_0626/sld_arb0626_0327_f_163r.tif,327,sinai,f. 163r,Text,,ark:/21198/z1r79jm7,ark:/21198/z1r79jm7/f614126h,Page,Images: Contact the Monastery of St. Catherine's of the Sinai. Metadata: Unless otherwise indicated all metadata associated with this manuscript is copyright the authors and released under Creative Commons Attribution 4.0 International License.,Sinai Arabic 626,succeeded,https://iiif.sinaimanuscripts.library.ucla.edu/iiif/2/ark%3A%2F21198%2Fz1r79jm7%2Ff614126h
Masters/sinaimasters/ara/arabic_0626/sld_arb0626_0328_f_163v.tif,328,sinai,f. 163v,Text,,ark:/21198/z1r79jm7,ark:/21198/z1r79jm7/pc32nq2v,Page,Images: Contact the Monastery of St. Catherine's of the Sinai. Metadata: Unless otherwise indicated all metadata associated with this manuscript is copyright the authors and released under Creative Commons Attribution 4.0 International License.,Sinai Arabic 626,succeeded,https://iiif.sinaimanuscripts.library.ucla.edu/iiif/2/ark%3A%2F21198%2Fz1r79jm7%2Fpc32nq2v
Masters/sinaimasters/ara/arabic_0626/sld_arb0626_0329_f_164r.tif,329,sinai,f. 164r,Text,,ark:/21198/z1r79jm7,ark:/21198/z1r79jm7/hh60x20t,Page,Images: Contact the Monastery of St. Catherine's of the Sinai. Metadata: Unless otherwise indicated all metadata associated with this manuscript is copyright the authors and released under Creative Commons Attribution 4.0 International License.,Sinai Arabic 626,succeeded,https://iiif.sinaimanuscripts.library.ucla.edu/iiif/2/ark%3A%2F21198%2Fz1r79jm7%2Fhh60x20t
Masters/sinaimasters/ara/arabic_0626/sld_arb0626_0330_f_164v.tif,330,sinai,f. 164v,Text,,ark:/21198/z1r79jm7,ark:/21198/z1r79jm7/7r78r797,Page,Images: Contact the Monastery of St. Catherine's of the Sinai. Metadata: Unless otherwise indicated all metadata associated with this manuscript is copyright the authors and released under Creative Commons Attribution 4.0 International License.,Sinai Arabic 626,succeeded,https://iiif.sinaimanuscripts.library.ucla.edu/iiif/2/ark%3A%2F21198%2Fz1r79jm7%2F7r78r797
Masters/sinaimasters/ara/arabic_0626/sld_arb0626_0331_f_165r.tif,331,sinai,f. 165r,Text,,ark:/21198/z1r79jm7,ark:/21198/z1r79jm7/j7289535,Page,Images: Contact the Monastery of St. Catherine's of the Sinai. Metadata: Unless otherwise indicated all metadata associated with this manuscript is copyright the authors and released under Creative Commons Attribution 4.0 International License.,Sinai Arabic 626,succeeded,https://iiif.sinaimanuscripts.library.ucla.edu/iiif/2/ark%3A%2F21198%2Fz1r79jm7%2Fj7289535
Masters/sinaimasters/ara/arabic_0626/sld_arb0626_0332_f_165v.tif,332,sinai,f. 165v,Text,,ark:/21198/z1r79jm7,ark:/21198/z1r79jm7/rr24k45f,Page,Images: Contact the Monastery of St. Catherine's of the Sinai. Metadata: Unless otherwise indicated all metadata associated with this manuscript is copyright the authors and released under Creative Commons Attribution 4.0 International License.,Sinai Arabic 626,succeeded,https://iiif.sinaimanuscripts.library.ucla.edu/iiif/2/ark%3A%2F21198%2Fz1r79jm7%2Frr24k45f
Masters/sinaimasters/ara/arabic_0626/sld_arb0626_0333_f_166r.tif,333,sinai,f. 166r,Text,,ark:/21198/z1r79jm7,ark:/21198/z1r79jm7/5k07zv32,Page,Images: Contact the Monastery of St. Catherine's of the Sinai. Metadata: Unless otherwise indicated all metadata associated with this manuscript is copyright the authors and released under Creative Commons Attribution 4.0 International License.,Sinai Arabic 626,succeeded,https://iiif.sinaimanuscripts.library.ucla.edu/iiif/2/ark%3A%2F21198%2Fz1r79jm7%2F5k07zv32
Masters/sinaimasters/ara/arabic_0626/sld_arb0626_0334_f_166v.tif,334,sinai,f. 166v,Text,,ark:/21198/z1r79jm7,ark:/21198/z1r79jm7/4m000m5h,Page,Images: Contact the Monastery of St. Catherine's of the Sinai. Metadata: Unless otherwise indicated all metadata associated with this manuscript is copyright the authors and released under Creative Commons Attribution 4.0 International License.,Sinai Arabic 626,succeeded,https://iiif.sinaimanuscripts.library.ucla.edu/iiif/2/ark%3A%2F21198%2Fz1r79jm7%2F4m000m5h
Masters/sinaimasters/ara/arabic_0626/sld_arb0626_0335_f_167r.tif,335,sinai,f. 167r,Text,,ark:/21198/z1r79jm7,ark:/21198/z1r79jm7/z930713w,Page,Images: Contact the Monastery of St. Catherine's of the Sinai. Metadata: Unless otherwise indicated all metadata associated with this manuscript is copyright the authors and released under Creative Commons Attribution 4.0 International License.,Sinai Arabic 626,succeeded,https://iiif.sinaimanuscripts.library.ucla.edu/iiif/2/ark%3A%2F21198%2Fz1r79jm7%2Fz930713w
Masters/sinaimasters/ara/arabic_0626/sld_arb0626_0336_f_167v.tif,336,sinai,f. 167v,Text,,ark:/21198/z1r79jm7,ark:/21198/z1r79jm7/6041qx2w,Page,Images: Contact the Monastery of St. Catherine's of the Sinai. Metadata: Unless otherwise indicated all metadata associated with this manuscript is copyright the authors and released under Creative Commons Attribution 4.0 International License.,Sinai Arabic 626,succeeded,https://iiif.sinaimanuscripts.library.ucla.edu/iiif/2/ark%3A%2F21198%2Fz1r79jm7%2F6041qx2w
Masters/sinaimasters/ara/arabic_0626/sld_arb0626_0337_f_168r.tif,337,sinai,f. 168r,Text,,ark:/21198/z1r79jm7,ark:/21198/z1r79jm7/z930rm61,Page,Images: Contact the Monastery of St. Catherine's of the Sinai. Metadata: Unless otherwise indicated all metadata associated with this manuscript is copyright the authors and released under Creative Commons Attribution 4.0 International License.,Sinai Arabic 626,succeeded,https://iiif.sinaimanuscripts.library.ucla.edu/iiif/2/ark%3A%2F21198%2Fz1r79jm7%2Fz930rm61
Masters/sinaimasters/ara/arabic_0626/sld_arb0626_0338_f_168v.tif,338,sinai,f. 168v,Text,,ark:/21198/z1r79jm7,ark:/21198/z1r79jm7/4c01d85w,Page,Images: Contact the Monastery of St. Catherine's of the Sinai. Metadata: Unless otherwise indicated all metadata associated with this manuscript is copyright the authors and released under Creative Commons Attribution 4.0 International License.,Sinai Arabic 626,succeeded,https://iiif.sinaimanuscripts.library.ucla.edu/iiif/2/ark%3A%2F21198%2Fz1r79jm7%2F4c01d85w
Masters/sinaimasters/ara/arabic_0626/sld_arb0626_0339_f_169r.tif,339,sinai,f. 169r,Text,,ark:/21198/z1r79jm7,ark:/21198/z1r79jm7/dc40gh8j,Page,Images: Contact the Monastery of St. Catherine's of the Sinai. Metadata: Unless otherwise indicated all metadata associated with this manuscript is copyright the authors and released under Creative Commons Attribution 4.0 International License.,Sinai Arabic 626,succeeded,https://iiif.sinaimanuscripts.library.ucla.edu/iiif/2/ark%3A%2F21198%2Fz1r79jm7%2Fdc40gh8j
Masters/sinaimasters/ara/arabic_0626/sld_arb0626_0340_f_169v.tif,340,sinai,f. 169v,Text,,ark:/21198/z1r79jm7,ark:/21198/z1r79jm7/wc53c03w,Page,Images: Contact the Monastery of St. Catherine's of the Sinai. Metadata: Unless otherwise indicated all metadata associated with this manuscript is copyright the authors and released under Creative Commons Attribution 4.0 International License.,Sinai Arabic 626,succeeded,https://iiif.sinaimanuscripts.library.ucla.edu/iiif/2/ark%3A%2F21198%2Fz1r79jm7%2Fwc53c03w
Masters/sinaimasters/ara/arabic_0626/sld_arb0626_0341_f_170r.tif,341,sinai,f. 170r,Text,,ark:/21198/z1r79jm7,ark:/21198/z1r79jm7/m145nh4h,Page,Images: Contact the Monastery of St. Catherine's of the Sinai. Metadata: Unless otherwise indicated all metadata associated with this manuscript is copyright the authors and released under Creative Commons Attribution 4.0 International License.,Sinai Arabic 626,succeeded,https://iiif.sinaimanuscripts.library.ucla.edu/iiif/2/ark%3A%2F21198%2Fz1r79jm7%2Fm145nh4h
Masters/sinaimasters/ara/arabic_0626/sld_arb0626_0342_f_170v.tif,342,sinai,f. 170v,Text,,ark:/21198/z1r79jm7,ark:/21198/z1r79jm7/t0491n4x,Page,Images: Contact the Monastery of St. Catherine's of the Sinai. Metadata: Unless otherwise indicated all metadata associated with this manuscript is copyright the authors and released under Creative Commons Attribution 4.0 International License.,Sinai Arabic 626,succeeded,https://iiif.sinaimanuscripts.library.ucla.edu/iiif/2/ark%3A%2F21198%2Fz1r79jm7%2Ft0491n4x
Masters/sinaimasters/ara/arabic_0626/sld_arb0626_0343_f_171r.tif,343,sinai,f. 171r,Text,,ark:/21198/z1r79jm7,ark:/21198/z1r79jm7/dr76hm4m,Page,Images: Contact the Monastery of St. Catherine's of the Sinai. Metadata: Unless otherwise indicated all metadata associated with this manuscript is copyright the authors and released under Creative Commons Attribution 4.0 International License.,Sinai Arabic 626,succeeded,https://iiif.sinaimanuscripts.library.ucla.edu/iiif/2/ark%3A%2F21198%2Fz1r79jm7%2Fdr76hm4m
Masters/sinaimasters/ara/arabic_0626/sld_arb0626_0344_f_171v.tif,344,sinai,f. 171v,Text,,ark:/21198/z1r79jm7,ark:/21198/z1r79jm7/c129c46s,Page,Images: Contact the Monastery of St. Catherine's of the Sinai. Metadata: Unless otherwise indicated all metadata associated with this manuscript is copyright the authors and released under Creative Commons Attribution 4.0 International License.,Sinai Arabic 626,succeeded,https://iiif.sinaimanuscripts.library.ucla.edu/iiif/2/ark%3A%2F21198%2Fz1r79jm7%2Fc129c46s
Masters/sinaimasters/ara/arabic_0626/sld_arb0626_0345_f_172r.tif,345,sinai,f. 172r,Text,,ark:/21198/z1r79jm7,ark:/21198/z1r79jm7/kd13nn81,Page,Images: Contact the Monastery of St. Catherine's of the Sinai. Metadata: Unless otherwise indicated all metadata associated with this manuscript is copyright the authors and released under Creative Commons Attribution 4.0 International License.,Sinai Arabic 626,succeeded,https://iiif.sinaimanuscripts.library.ucla.edu/iiif/2/ark%3A%2F21198%2Fz1r79jm7%2Fkd13nn81
Masters/sinaimasters/ara/arabic_0626/sld_arb0626_0346_f_172v.tif,346,sinai,f. 172v,Text,,ark:/21198/z1r79jm7,ark:/21198/z1r79jm7/bn46d64r,Page,Images: Contact the Monastery of St. Catherine's of the Sinai. Metadata: Unless otherwise indicated all metadata associated with this manuscript is copyright the authors and released under Creative Commons Attribution 4.0 International License.,Sinai Arabic 626,succeeded,https://iiif.sinaimanuscripts.library.ucla.edu/iiif/2/ark%3A%2F21198%2Fz1r79jm7%2Fbn46d64r
Masters/sinaimasters/ara/arabic_0626/sld_arb0626_0347_f_173r.tif,347,sinai,f. 173r,Text,,ark:/21198/z1r79jm7,ark:/21198/z1r79jm7/s1781d9d,Page,Images: Contact the Monastery of St. Catherine's of the Sinai. Metadata: Unless otherwise indicated all metadata associated with this manuscript is copyright the authors and released under Creative Commons Attribution 4.0 International License.,Sinai Arabic 626,succeeded,https://iiif.sinaimanuscripts.library.ucla.edu/iiif/2/ark%3A%2F21198%2Fz1r79jm7%2Fs1781d9d
Masters/sinaimasters/ara/arabic_0626/sld_arb0626_0348_f_173v.tif,348,sinai,f. 173v,Text,,ark:/21198/z1r79jm7,ark:/21198/z1r79jm7/gk47sk2h,Page,Images: Contact the Monastery of St. Catherine's of the Sinai. Metadata: Unless otherwise indicated all metadata associated with this manuscript is copyright the authors and released under Creative Commons Attribution 4.0 International License.,Sinai Arabic 626,succeeded,https://iiif.sinaimanuscripts.library.ucla.edu/iiif/2/ark%3A%2F21198%2Fz1r79jm7%2Fgk47sk2h
Masters/sinaimasters/ara/arabic_0626/sld_arb0626_0349_f_174r.tif,349,sinai,f. 174r,Text,,ark:/21198/z1r79jm7,ark:/21198/z1r79jm7/n649fw8b,Page,Images: Contact the Monastery of St. Catherine's of the Sinai. Metadata: Unless otherwise indicated all metadata associated with this manuscript is copyright the authors and released under Creative Commons Attribution 4.0 International License.,Sinai Arabic 626,succeeded,https://iiif.sinaimanuscripts.library.ucla.edu/iiif/2/ark%3A%2F21198%2Fz1r79jm7%2Fn649fw8b
Masters/sinaimasters/ara/arabic_0626/sld_arb0626_0350_f_174v.tif,350,sinai,f. 174v,Text,,ark:/21198/z1r79jm7,ark:/21198/z1r79jm7/xw874q1g,Page,Images: Contact the Monastery of St. Catherine's of the Sinai. Metadata: Unless otherwise indicated all metadata associated with this manuscript is copyright the authors and released under Creative Commons Attribution 4.0 International License.,Sinai Arabic 626,succeeded,https://iiif.sinaimanuscripts.library.ucla.edu/iiif/2/ark%3A%2F21198%2Fz1r79jm7%2Fxw874q1g
Masters/sinaimasters/ara/arabic_0626/sld_arb0626_0351_f_175r.tif,351,sinai,f. 175r,Text,,ark:/21198/z1r79jm7,ark:/21198/z1r79jm7/d323q72t,Page,Images: Contact the Monastery of St. Catherine's of the Sinai. Metadata: Unless otherwise indicated all metadata associated with this manuscript is copyright the authors and released under Creative Commons Attribution 4.0 International License.,Sinai Arabic 626,succeeded,https://iiif.sinaimanuscripts.library.ucla.edu/iiif/2/ark%3A%2F21198%2Fz1r79jm7%2Fd323q72t
Masters/sinaimasters/ara/arabic_0626/sld_arb0626_0352_f_175v.tif,352,sinai,f. 175v,Text,,ark:/21198/z1r79jm7,ark:/21198/z1r79jm7/rh19p30r,Page,Images: Contact the Monastery of St. Catherine's of the Sinai. Metadata: Unless otherwise indicated all metadata associated with this manuscript is copyright the authors and released under Creative Commons Attribution 4.0 International License.,Sinai Arabic 626,succeeded,https://iiif.sinaimanuscripts.library.ucla.edu/iiif/2/ark%3A%2F21198%2Fz1r79jm7%2Frh19p30r
Masters/sinaimasters/ara/arabic_0626/sld_arb0626_0353_f_176r.tif,353,sinai,f. 176r,Text,,ark:/21198/z1r79jm7,ark:/21198/z1r79jm7/gn34s35g,Page,Images: Contact the Monastery of St. Catherine's of the Sinai. Metadata: Unless otherwise indicated all metadata associated with this manuscript is copyright the authors and released under Creative Commons Attribution 4.0 International License.,Sinai Arabic 626,succeeded,https://iiif.sinaimanuscripts.library.ucla.edu/iiif/2/ark%3A%2F21198%2Fz1r79jm7%2Fgn34s35g
Masters/sinaimasters/ara/arabic_0626/sld_arb0626_0354_f_176v.tif,354,sinai,f. 176v,Text,,ark:/21198/z1r79jm7,ark:/21198/z1r79jm7/j823j419,Page,Images: Contact the Monastery of St. Catherine's of the Sinai. Metadata: Unless otherwise indicated all metadata associated with this manuscript is copyright the authors and released under Creative Commons Attribution 4.0 International License.,Sinai Arabic 626,succeeded,https://iiif.sinaimanuscripts.library.ucla.edu/iiif/2/ark%3A%2F21198%2Fz1r79jm7%2Fj823j419
Masters/sinaimasters/ara/arabic_0626/sld_arb0626_0355_f_177r.tif,355,sinai,f. 177r,Text,,ark:/21198/z1r79jm7,ark:/21198/z1r79jm7/h180b06p,Page,Images: Contact the Monastery of St. Catherine's of the Sinai. Metadata: Unless otherwise indicated all metadata associated with this manuscript is copyright the authors and released under Creative Commons Attribution 4.0 International License.,Sinai Arabic 626,succeeded,https://iiif.sinaimanuscripts.library.ucla.edu/iiif/2/ark%3A%2F21198%2Fz1r79jm7%2Fh180b06p
Masters/sinaimasters/ara/arabic_0626/sld_arb0626_0356_f_177v.tif,356,sinai,f. 177v,Text,,ark:/21198/z1r79jm7,ark:/21198/z1r79jm7/xx010r2k,Page,Images: Contact the Monastery of St. Catherine's of the Sinai. Metadata: Unless otherwise indicated all metadata associated with this manuscript is copyright the authors and released under Creative Commons Attribution 4.0 International License.,Sinai Arabic 626,succeeded,https://iiif.sinaimanuscripts.library.ucla.edu/iiif/2/ark%3A%2F21198%2Fz1r79jm7%2Fxx010r2k
Masters/sinaimasters/ara/arabic_0626/sld_arb0626_0357_f_178r.tif,357,sinai,f. 178r,Text,,ark:/21198/z1r79jm7,ark:/21198/z1r79jm7/nm58db8z,Page,Images: Contact the Monastery of St. Catherine's of the Sinai. Metadata: Unless otherwise indicated all metadata associated with this manuscript is copyright the authors and released under Creative Commons Attribution 4.0 International License.,Sinai Arabic 626,succeeded,https://iiif.sinaimanuscripts.library.ucla.edu/iiif/2/ark%3A%2F21198%2Fz1r79jm7%2Fnm58db8z
Masters/sinaimasters/ara/arabic_0626/sld_arb0626_0358_f_178v.tif,358,sinai,f. 178v,Text,,ark:/21198/z1r79jm7,ark:/21198/z1r79jm7/0q04rs5q,Page,Images: Contact the Monastery of St. Catherine's of the Sinai. Metadata: Unless otherwise indicated all metadata associated with this manuscript is copyright the authors and released under Creative Commons Attribution 4.0 International License.,Sinai Arabic 626,succeeded,https://iiif.sinaimanuscripts.library.ucla.edu/iiif/2/ark%3A%2F21198%2Fz1r79jm7%2F0q04rs5q
Masters/sinaimasters/ara/arabic_0626/sld_arb0626_0359_f_179r.tif,359,sinai,f. 179r,Text,,ark:/21198/z1r79jm7,ark:/21198/z1r79jm7/bq86t76z,Page,Images: Contact the Monastery of St. Catherine's of the Sinai. Metadata: Unless otherwise indicated all metadata associated with this manuscript is copyright the authors and released under Creative Commons Attribution 4.0 International License.,Sinai Arabic 626,succeeded,https://iiif.sinaimanuscripts.library.ucla.edu/iiif/2/ark%3A%2F21198%2Fz1r79jm7%2Fbq86t76z
Masters/sinaimasters/ara/arabic_0626/sld_arb0626_0360_f_179v.tif,360,sinai,f. 179v,Text,,ark:/21198/z1r79jm7,ark:/21198/z1r79jm7/bd93mr3n,Page,Images: Contact the Monastery of St. Catherine's of the Sinai. Metadata: Unless otherwise indicated all metadata associated with this manuscript is copyright the authors and released under Creative Commons Attribution 4.0 International License.,Sinai Arabic 626,succeeded,https://iiif.sinaimanuscripts.library.ucla.edu/iiif/2/ark%3A%2F21198%2Fz1r79jm7%2Fbd93mr3n
Masters/sinaimasters/ara/arabic_0626/sld_arb0626_0361_f_180r.tif,361,sinai,f. 180r,Text,,ark:/21198/z1r79jm7,ark:/21198/z1r79jm7/hh89vj8t,Page,Images: Contact the Monastery of St. Catherine's of the Sinai. Metadata: Unless otherwise indicated all metadata associated with this manuscript is copyright the authors and released under Creative Commons Attribution 4.0 International License.,Sinai Arabic 626,succeeded,https://iiif.sinaimanuscripts.library.ucla.edu/iiif/2/ark%3A%2F21198%2Fz1r79jm7%2Fhh89vj8t
Masters/sinaimasters/ara/arabic_0626/sld_arb0626_0362_f_180v.tif,362,sinai,f. 180v,Text,,ark:/21198/z1r79jm7,ark:/21198/z1r79jm7/2f25pf01,Page,Images: Contact the Monastery of St. Catherine's of the Sinai. Metadata: Unless otherwise indicated all metadata associated with this manuscript is copyright the authors and released under Creative Commons Attribution 4.0 International License.,Sinai Arabic 626,succeeded,https://iiif.sinaimanuscripts.library.ucla.edu/iiif/2/ark%3A%2F21198%2Fz1r79jm7%2F2f25pf01
Masters/sinaimasters/ara/arabic_0626/sld_arb0626_0363_f_181r.tif,363,sinai,f. 181r,Text,,ark:/21198/z1r79jm7,ark:/21198/z1r79jm7/64054761,Page,Images: Contact the Monastery of St. Catherine's of the Sinai. Metadata: Unless otherwise indicated all metadata associated with this manuscript is copyright the authors and released under Creative Commons Attribution 4.0 International License.,Sinai Arabic 626,succeeded,https://iiif.sinaimanuscripts.library.ucla.edu/iiif/2/ark%3A%2F21198%2Fz1r79jm7%2F64054761
Masters/sinaimasters/ara/arabic_0626/sld_arb0626_0364_f_181v.tif,364,sinai,f. 181v,Text,,ark:/21198/z1r79jm7,ark:/21198/z1r79jm7/6h833d1z,Page,Images: Contact the Monastery of St. Catherine's of the Sinai. Metadata: Unless otherwise indicated all metadata associated with this manuscript is copyright the authors and released under Creative Commons Attribution 4.0 International License.,Sinai Arabic 626,succeeded,https://iiif.sinaimanuscripts.library.ucla.edu/iiif/2/ark%3A%2F21198%2Fz1r79jm7%2F6h833d1z
Masters/sinaimasters/ara/arabic_0626/sld_arb0626_0365_f_182r.tif,365,sinai,f. 182r,Text,,ark:/21198/z1r79jm7,ark:/21198/z1r79jm7/j609ht8k,Page,Images: Contact the Monastery of St. Catherine's of the Sinai. Metadata: Unless otherwise indicated all metadata associated with this manuscript is copyright the authors and released under Creative Commons Attribution 4.0 International License.,Sinai Arabic 626,succeeded,https://iiif.sinaimanuscripts.library.ucla.edu/iiif/2/ark%3A%2F21198%2Fz1r79jm7%2Fj609ht8k
Masters/sinaimasters/ara/arabic_0626/sld_arb0626_0366_f_182v.tif,366,sinai,f. 182v,Text,,ark:/21198/z1r79jm7,ark:/21198/z1r79jm7/pt81tq9c,Page,Images: Contact the Monastery of St. Catherine's of the Sinai. Metadata: Unless otherwise indicated all metadata associated with this manuscript is copyright the authors and released under Creative Commons Attribution 4.0 International License.,Sinai Arabic 626,succeeded,https://iiif.sinaimanuscripts.library.ucla.edu/iiif/2/ark%3A%2F21198%2Fz1r79jm7%2Fpt81tq9c
Masters/sinaimasters/ara/arabic_0626/sld_arb0626_0367_f_183r.tif,367,sinai,f. 183r,Text,,ark:/21198/z1r79jm7,ark:/21198/z1r79jm7/3k12rr44,Page,Images: Contact the Monastery of St. Catherine's of the Sinai. Metadata: Unless otherwise indicated all metadata associated with this manuscript is copyright the authors and released under Creative Commons Attribution 4.0 International License.,Sinai Arabic 626,succeeded,https://iiif.sinaimanuscripts.library.ucla.edu/iiif/2/ark%3A%2F21198%2Fz1r79jm7%2F3k12rr44
Masters/sinaimasters/ara/arabic_0626/sld_arb0626_0368_f_183v.tif,368,sinai,f. 183v,Text,,ark:/21198/z1r79jm7,ark:/21198/z1r79jm7/sj80p548,Page,Images: Contact the Monastery of St. Catherine's of the Sinai. Metadata: Unless otherwise indicated all metadata associated with this manuscript is copyright the authors and released under Creative Commons Attribution 4.0 International License.,Sinai Arabic 626,succeeded,https://iiif.sinaimanuscripts.library.ucla.edu/iiif/2/ark%3A%2F21198%2Fz1r79jm7%2Fsj80p548
Masters/sinaimasters/ara/arabic_0626/sld_arb0626_0369_f_184r.tif,369,sinai,f. 184r,Text,,ark:/21198/z1r79jm7,ark:/21198/z1r79jm7/rf053k1x,Page,Images: Contact the Monastery of St. Catherine's of the Sinai. Metadata: Unless otherwise indicated all metadata associated with this manuscript is copyright the authors and released under Creative Commons Attribution 4.0 International License.,Sinai Arabic 626,succeeded,https://iiif.sinaimanuscripts.library.ucla.edu/iiif/2/ark%3A%2F21198%2Fz1r79jm7%2Frf053k1x
Masters/sinaimasters/ara/arabic_0626/sld_arb0626_0370_f_184v.tif,370,sinai,f. 184v,Text,,ark:/21198/z1r79jm7,ark:/21198/z1r79jm7/1d59qh7c,Page,Images: Contact the Monastery of St. Catherine's of the Sinai. Metadata: Unless otherwise indicated all metadata associated with this manuscript is copyright the authors and released under Creative Commons Attribution 4.0 International License.,Sinai Arabic 626,succeeded,https://iiif.sinaimanuscripts.library.ucla.edu/iiif/2/ark%3A%2F21198%2Fz1r79jm7%2F1d59qh7c
Masters/sinaimasters/ara/arabic_0626/sld_arb0626_0371_f_185r.tif,371,sinai,f. 185r,Text,,ark:/21198/z1r79jm7,ark:/21198/z1r79jm7/q5705z0n,Page,Images: Contact the Monastery of St. Catherine's of the Sinai. Metadata: Unless otherwise indicated all metadata associated with this manuscript is copyright the authors and released under Creative Commons Attribution 4.0 International License.,Sinai Arabic 626,succeeded,https://iiif.sinaimanuscripts.library.ucla.edu/iiif/2/ark%3A%2F21198%2Fz1r79jm7%2Fq5705z0n
Masters/sinaimasters/ara/arabic_0626/sld_arb0626_0372_f_185v.tif,372,sinai,f. 185v,Text,,ark:/21198/z1r79jm7,ark:/21198/z1r79jm7/vt28ss8r,Page,Images: Contact the Monastery of St. Catherine's of the Sinai. Metadata: Unless otherwise indicated all metadata associated with this manuscript is copyright the authors and released under Creative Commons Attribution 4.0 International License.,Sinai Arabic 626,succeeded,https://iiif.sinaimanuscripts.library.ucla.edu/iiif/2/ark%3A%2F21198%2Fz1r79jm7%2Fvt28ss8r
Masters/sinaimasters/ara/arabic_0626/sld_arb0626_0373_f_186r.tif,373,sinai,f. 186r,Text,,ark:/21198/z1r79jm7,ark:/21198/z1r79jm7/pn51g895,Page,Images: Contact the Monastery of St. Catherine's of the Sinai. Metadata: Unless otherwise indicated all metadata associated with this manuscript is copyright the authors and released under Creative Commons Attribution 4.0 International License.,Sinai Arabic 626,succeeded,https://iiif.sinaimanuscripts.library.ucla.edu/iiif/2/ark%3A%2F21198%2Fz1r79jm7%2Fpn51g895
Masters/sinaimasters/ara/arabic_0626/sld_arb0626_0374_f_186v.tif,374,sinai,f. 186v,Text,,ark:/21198/z1r79jm7,ark:/21198/z1r79jm7/pw487s08,Page,Images: Contact the Monastery of St. Catherine's of the Sinai. Metadata: Unless otherwise indicated all metadata associated with this manuscript is copyright the authors and released under Creative Commons Attribution 4.0 International License.,Sinai Arabic 626,succeeded,https://iiif.sinaimanuscripts.library.ucla.edu/iiif/2/ark%3A%2F21198%2Fz1r79jm7%2Fpw487s08
Masters/sinaimasters/ara/arabic_0626/sld_arb0626_0375_f_187r.tif,375,sinai,f. 187r,Text,,ark:/21198/z1r79jm7,ark:/21198/z1r79jm7/49757s33,Page,Images: Contact the Monastery of St. Catherine's of the Sinai. Metadata: Unless otherwise indicated all metadata associated with this manuscript is copyright the authors and released under Creative Commons Attribution 4.0 International License.,Sinai Arabic 626,succeeded,https://iiif.sinaimanuscripts.library.ucla.edu/iiif/2/ark%3A%2F21198%2Fz1r79jm7%2F49757s33
Masters/sinaimasters/ara/arabic_0626/sld_arb0626_0376_f_187v.tif,376,sinai,f. 187v,Text,,ark:/21198/z1r79jm7,ark:/21198/z1r79jm7/8z473m30,Page,Images: Contact the Monastery of St. Catherine's of the Sinai. Metadata: Unless otherwise indicated all metadata associated with this manuscript is copyright the authors and released under Creative Commons Attribution 4.0 International License.,Sinai Arabic 626,succeeded,https://iiif.sinaimanuscripts.library.ucla.edu/iiif/2/ark%3A%2F21198%2Fz1r79jm7%2F8z473m30
Masters/sinaimasters/ara/arabic_0626/sld_arb0626_0377_f_188r.tif,377,sinai,f. 188r,Text,,ark:/21198/z1r79jm7,ark:/21198/z1r79jm7/4737647b,Page,Images: Contact the Monastery of St. Catherine's of the Sinai. Metadata: Unless otherwise indicated all metadata associated with this manuscript is copyright the authors and released under Creative Commons Attribution 4.0 International License.,Sinai Arabic 626,succeeded,https://iiif.sinaimanuscripts.library.ucla.edu/iiif/2/ark%3A%2F21198%2Fz1r79jm7%2F4737647b
Masters/sinaimasters/ara/arabic_0626/sld_arb0626_0378_f_188v.tif,378,sinai,f. 188v,Text,,ark:/21198/z1r79jm7,ark:/21198/z1r79jm7/h9398v09,Page,Images: Contact the Monastery of St. Catherine's of the Sinai. Metadata: Unless otherwise indicated all metadata associated with this manuscript is copyright the authors and released under Creative Commons Attribution 4.0 International License.,Sinai Arabic 626,succeeded,https://iiif.sinaimanuscripts.library.ucla.edu/iiif/2/ark%3A%2F21198%2Fz1r79jm7%2Fh9398v09
Masters/sinaimasters/ara/arabic_0626/sld_arb0626_0379_f_189r.tif,379,sinai,f. 189r,Text,,ark:/21198/z1r79jm7,ark:/21198/z1r79jm7/w351d35p,Page,Images: Contact the Monastery of St. Catherine's of the Sinai. Metadata: Unless otherwise indicated all metadata associated with this manuscript is copyright the authors and released under Creative Commons Attribution 4.0 International License.,Sinai Arabic 626,succeeded,https://iiif.sinaimanuscripts.library.ucla.edu/iiif/2/ark%3A%2F21198%2Fz1r79jm7%2Fw351d35p
Masters/sinaimasters/ara/arabic_0626/sld_arb0626_0380_f_189v.tif,380,sinai,f. 189v,Text,,ark:/21198/z1r79jm7,ark:/21198/z1r79jm7/jq46rg4x,Page,Images: Contact the Monastery of St. Catherine's of the Sinai. Metadata: Unless otherwise indicated all metadata associated with this manuscript is copyright the authors and released under Creative Commons Attribution 4.0 International License.,Sinai Arabic 626,succeeded,https://iiif.sinaimanuscripts.library.ucla.edu/iiif/2/ark%3A%2F21198%2Fz1r79jm7%2Fjq46rg4x
Masters/sinaimasters/ara/arabic_0626/sld_arb0626_0381_f_190r.tif,381,sinai,f. 190r,Text,,ark:/21198/z1r79jm7,ark:/21198/z1r79jm7/9c20th7s,Page,Images: Contact the Monastery of St. Catherine's of the Sinai. Metadata: Unless otherwise indicated all metadata associated with this manuscript is copyright the authors and released under Creative Commons Attribution 4.0 International License.,Sinai Arabic 626,succeeded,https://iiif.sinaimanuscripts.library.ucla.edu/iiif/2/ark%3A%2F21198%2Fz1r79jm7%2F9c20th7s
Masters/sinaimasters/ara/arabic_0626/sld_arb0626_0382_f_190v.tif,382,sinai,f. 190v,Text,,ark:/21198/z1r79jm7,ark:/21198/z1r79jm7/j694sg3k,Page,Images: Contact the Monastery of St. Catherine's of the Sinai. Metadata: Unless otherwise indicated all metadata associated with this manuscript is copyright the authors and released under Creative Commons Attribution 4.0 International License.,Sinai Arabic 626,succeeded,https://iiif.sinaimanuscripts.library.ucla.edu/iiif/2/ark%3A%2F21198%2Fz1r79jm7%2Fj694sg3k
Masters/sinaimasters/ara/arabic_0626/sld_arb0626_0383_f_191r.tif,383,sinai,f. 191r,Text,,ark:/21198/z1r79jm7,ark:/21198/z1r79jm7/db053v6d,Page,Images: Contact the Monastery of St. Catherine's of the Sinai. Metadata: Unless otherwise indicated all metadata associated with this manuscript is copyright the authors and released under Creative Commons Attribution 4.0 International License.,Sinai Arabic 626,succeeded,https://iiif.sinaimanuscripts.library.ucla.edu/iiif/2/ark%3A%2F21198%2Fz1r79jm7%2Fdb053v6d
Masters/sinaimasters/ara/arabic_0626/sld_arb0626_0384_f_191v.tif,384,sinai,f. 191v,Text,,ark:/21198/z1r79jm7,ark:/21198/z1r79jm7/bx766b4j,Page,Images: Contact the Monastery of St. Catherine's of the Sinai. Metadata: Unless otherwise indicated all metadata associated with this manuscript is copyright the authors and released under Creative Commons Attribution 4.0 International License.,Sinai Arabic 626,succeeded,https://iiif.sinaimanuscripts.library.ucla.edu/iiif/2/ark%3A%2F21198%2Fz1r79jm7%2Fbx766b4j
Masters/sinaimasters/ara/arabic_0626/sld_arb0626_0385_f_192r.tif,385,sinai,f. 192r,Text,,ark:/21198/z1r79jm7,ark:/21198/z1r79jm7/fx76948z,Page,Images: Contact the Monastery of St. Catherine's of the Sinai. Metadata: Unless otherwise indicated all metadata associated with this manuscript is copyright the authors and released under Creative Commons Attribution 4.0 International License.,Sinai Arabic 626,succeeded,https://iiif.sinaimanuscripts.library.ucla.edu/iiif/2/ark%3A%2F21198%2Fz1r79jm7%2Ffx76948z
Masters/sinaimasters/ara/arabic_0626/sld_arb0626_0386_f_192v.tif,386,sinai,f. 192v,Text,,ark:/21198/z1r79jm7,ark:/21198/z1r79jm7/9v31f79n,Page,Images: Contact the Monastery of St. Catherine's of the Sinai. Metadata: Unless otherwise indicated all metadata associated with this manuscript is copyright the authors and released under Creative Commons Attribution 4.0 International License.,Sinai Arabic 626,succeeded,https://iiif.sinaimanuscripts.library.ucla.edu/iiif/2/ark%3A%2F21198%2Fz1r79jm7%2F9v31f79n
Masters/sinaimasters/ara/arabic_0626/sld_arb0626_0387_f_193r.tif,387,sinai,f. 193r,Text,,ark:/21198/z1r79jm7,ark:/21198/z1r79jm7/1n10d229,Page,Images: Contact the Monastery of St. Catherine's of the Sinai. Metadata: Unless otherwise indicated all metadata associated with this manuscript is copyright the authors and released under Creative Commons Attribution 4.0 International License.,Sinai Arabic 626,succeeded,https://iiif.sinaimanuscripts.library.ucla.edu/iiif/2/ark%3A%2F21198%2Fz1r79jm7%2F1n10d229
Masters/sinaimasters/ara/arabic_0626/sld_arb0626_0388_f_193v.tif,388,sinai,f. 193v,Text,,ark:/21198/z1r79jm7,ark:/21198/z1r79jm7/s196p75k,Page,Images: Contact the Monastery of St. Catherine's of the Sinai. Metadata: Unless otherwise indicated all metadata associated with this manuscript is copyright the authors and released under Creative Commons Attribution 4.0 International License.,Sinai Arabic 626,succeeded,https://iiif.sinaimanuscripts.library.ucla.edu/iiif/2/ark%3A%2F21198%2Fz1r79jm7%2Fs196p75k
Masters/sinaimasters/ara/arabic_0626/sld_arb0626_0389_f_194r.tif,389,sinai,f. 194r,Text,,ark:/21198/z1r79jm7,ark:/21198/z1r79jm7/mm71x82m,Page,Images: Contact the Monastery of St. Catherine's of the Sinai. Metadata: Unless otherwise indicated all metadata associated with this manuscript is copyright the authors and released under Creative Commons Attribution 4.0 International License.,Sinai Arabic 626,succeeded,https://iiif.sinaimanuscripts.library.ucla.edu/iiif/2/ark%3A%2F21198%2Fz1r79jm7%2Fmm71x82m
Masters/sinaimasters/ara/arabic_0626/sld_arb0626_0390_f_194v.tif,390,sinai,f. 194v,Text,,ark:/21198/z1r79jm7,ark:/21198/z1r79jm7/5671js7p,Page,Images: Contact the Monastery of St. Catherine's of the Sinai. Metadata: Unless otherwise indicated all metadata associated with this manuscript is copyright the authors and released under Creative Commons Attribution 4.0 International License.,Sinai Arabic 626,succeeded,https://iiif.sinaimanuscripts.library.ucla.edu/iiif/2/ark%3A%2F21198%2Fz1r79jm7%2F5671js7p
Masters/sinaimasters/ara/arabic_0626/sld_arb0626_0391_f_195r.tif,391,sinai,f. 195r,Text,,ark:/21198/z1r79jm7,ark:/21198/z1r79jm7/sz31sh8z,Page,Images: Contact the Monastery of St. Catherine's of the Sinai. Metadata: Unless otherwise indicated all metadata associated with this manuscript is copyright the authors and released under Creative Commons Attribution 4.0 International License.,Sinai Arabic 626,succeeded,https://iiif.sinaimanuscripts.library.ucla.edu/iiif/2/ark%3A%2F21198%2Fz1r79jm7%2Fsz31sh8z
Masters/sinaimasters/ara/arabic_0626/sld_arb0626_0392_f_195v.tif,392,sinai,f. 195v,Text,,ark:/21198/z1r79jm7,ark:/21198/z1r79jm7/rj66bf0z,Page,Images: Contact the Monastery of St. Catherine's of the Sinai. Metadata: Unless otherwise indicated all metadata associated with this manuscript is copyright the authors and released under Creative Commons Attribution 4.0 International License.,Sinai Arabic 626,succeeded,https://iiif.sinaimanuscripts.library.ucla.edu/iiif/2/ark%3A%2F21198%2Fz1r79jm7%2Frj66bf0z
Masters/sinaimasters/ara/arabic_0626/sld_arb0626_0393_f_196r.tif,393,sinai,f. 196r,Text,,ark:/21198/z1r79jm7,ark:/21198/z1r79jm7/d799qv2h,Page,Images: Contact the Monastery of St. Catherine's of the Sinai. Metadata: Unless otherwise indicated all metadata associated with this manuscript is copyright the authors and released under Creative Commons Attribution 4.0 International License.,Sinai Arabic 626,succeeded,https://iiif.sinaimanuscripts.library.ucla.edu/iiif/2/ark%3A%2F21198%2Fz1r79jm7%2Fd799qv2h
Masters/sinaimasters/ara/arabic_0626/sld_arb0626_0394_f_196v.tif,394,sinai,f. 196v,Text,,ark:/21198/z1r79jm7,ark:/21198/z1r79jm7/hs28cs70,Page,Images: Contact the Monastery of St. Catherine's of the Sinai. Metadata: Unless otherwise indicated all metadata associated with this manuscript is copyright the authors and released under Creative Commons Attribution 4.0 International License.,Sinai Arabic 626,succeeded,https://iiif.sinaimanuscripts.library.ucla.edu/iiif/2/ark%3A%2F21198%2Fz1r79jm7%2Fhs28cs70
Masters/sinaimasters/ara/arabic_0626/sld_arb0626_0395_f_197r.tif,395,sinai,f. 197r,Text,,ark:/21198/z1r79jm7,ark:/21198/z1r79jm7/tf72k59p,Page,Images: Contact the Monastery of St. Catherine's of the Sinai. Metadata: Unless otherwise indicated all metadata associated with this manuscript is copyright the authors and released under Creative Commons Attribution 4.0 International License.,Sinai Arabic 626,succeeded,https://iiif.sinaimanuscripts.library.ucla.edu/iiif/2/ark%3A%2F21198%2Fz1r79jm7%2Ftf72k59p
Masters/sinaimasters/ara/arabic_0626/sld_arb0626_0396_f_197v.tif,396,sinai,f. 197v,Text,,ark:/21198/z1r79jm7,ark:/21198/z1r79jm7/hg57hh98,Page,Images: Contact the Monastery of St. Catherine's of the Sinai. Metadata: Unless otherwise indicated all metadata associated with this manuscript is copyright the authors and released under Creative Commons Attribution 4.0 International License.,Sinai Arabic 626,succeeded,https://iiif.sinaimanuscripts.library.ucla.edu/iiif/2/ark%3A%2F21198%2Fz1r79jm7%2Fhg57hh98
Masters/sinaimasters/ara/arabic_0626/sld_arb0626_0397_f_198r.tif,397,sinai,f. 198r,Text,,ark:/21198/z1r79jm7,ark:/21198/z1r79jm7/k832xd1c,Page,Images: Contact the Monastery of St. Catherine's of the Sinai. Metadata: Unless otherwise indicated all metadata associated with this manuscript is copyright the authors and released under Creative Commons Attribution 4.0 International License.,Sinai Arabic 626,succeeded,https://iiif.sinaimanuscripts.library.ucla.edu/iiif/2/ark%3A%2F21198%2Fz1r79jm7%2Fk832xd1c
Masters/sinaimasters/ara/arabic_0626/sld_arb0626_0398_f_198v.tif,398,sinai,f. 198v,Text,,ark:/21198/z1r79jm7,ark:/21198/z1r79jm7/1t88fn18,Page,Images: Contact the Monastery of St. Catherine's of the Sinai. Metadata: Unless otherwise indicated all metadata associated with this manuscript is copyright the authors and released under Creative Commons Attribution 4.0 International License.,Sinai Arabic 626,succeeded,https://iiif.sinaimanuscripts.library.ucla.edu/iiif/2/ark%3A%2F21198%2Fz1r79jm7%2F1t88fn18
Masters/sinaimasters/ara/arabic_0626/sld_arb0626_0399_f_199r.tif,399,sinai,f. 199r,Text,,ark:/21198/z1r79jm7,ark:/21198/z1r79jm7/8d248t8h,Page,Images: Contact the Monastery of St. Catherine's of the Sinai. Metadata: Unless otherwise indicated all metadata associated with this manuscript is copyright the authors and released under Creative Commons Attribution 4.0 International License.,Sinai Arabic 626,succeeded,https://iiif.sinaimanuscripts.library.ucla.edu/iiif/2/ark%3A%2F21198%2Fz1r79jm7%2F8d248t8h
Masters/sinaimasters/ara/arabic_0626/sld_arb0626_0400_f_199v.tif,400,sinai,f. 199v,Text,,ark:/21198/z1r79jm7,ark:/21198/z1r79jm7/gc193123,Page,Images: Contact the Monastery of St. Catherine's of the Sinai. Metadata: Unless otherwise indicated all metadata associated with this manuscript is copyright the authors and released under Creative Commons Attribution 4.0 International License.,Sinai Arabic 626,succeeded,https://iiif.sinaimanuscripts.library.ucla.edu/iiif/2/ark%3A%2F21198%2Fz1r79jm7%2Fgc193123
Masters/sinaimasters/ara/arabic_0626/sld_arb0626_0401_f_200r.tif,401,sinai,f. 200r,Text,,ark:/21198/z1r79jm7,ark:/21198/z1r79jm7/vx297j1n,Page,Images: Contact the Monastery of St. Catherine's of the Sinai. Metadata: Unless otherwise indicated all metadata associated with this manuscript is copyright the authors and released under Creative Commons Attribution 4.0 International License.,Sinai Arabic 626,succeeded,https://iiif.sinaimanuscripts.library.ucla.edu/iiif/2/ark%3A%2F21198%2Fz1r79jm7%2Fvx297j1n
Masters/sinaimasters/ara/arabic_0626/sld_arb0626_0402_f_200v.tif,402,sinai,f. 200v,Text,,ark:/21198/z1r79jm7,ark:/21198/z1r79jm7/j2561819,Page,Images: Contact the Monastery of St. Catherine's of the Sinai. Metadata: Unless otherwise indicated all metadata associated with this manuscript is copyright the authors and released under Creative Commons Attribution 4.0 International License.,Sinai Arabic 626,succeeded,https://iiif.sinaimanuscripts.library.ucla.edu/iiif/2/ark%3A%2F21198%2Fz1r79jm7%2Fj2561819
Masters/sinaimasters/ara/arabic_0626/sld_arb0626_0403_f_201r.tif,403,sinai,f. 201r,Text,,ark:/21198/z1r79jm7,ark:/21198/z1r79jm7/fw76qt8k,Page,Images: Contact the Monastery of St. Catherine's of the Sinai. Metadata: Unless otherwise indicated all metadata associated with this manuscript is copyright the authors and released under Creative Commons Attribution 4.0 International License.,Sinai Arabic 626,succeeded,https://iiif.sinaimanuscripts.library.ucla.edu/iiif/2/ark%3A%2F21198%2Fz1r79jm7%2Ffw76qt8k
Masters/sinaimasters/ara/arabic_0626/sld_arb0626_0404_f_201v.tif,404,sinai,f. 201v,Text,,ark:/21198/z1r79jm7,ark:/21198/z1r79jm7/h336pq2x,Page,Images: Contact the Monastery of St. Catherine's of the Sinai. Metadata: Unless otherwise indicated all metadata associated with this manuscript is copyright the authors and released under Creative Commons Attribution 4.0 International License.,Sinai Arabic 626,succeeded,https://iiif.sinaimanuscripts.library.ucla.edu/iiif/2/ark%3A%2F21198%2Fz1r79jm7%2Fh336pq2x
Masters/sinaimasters/ara/arabic_0626/sld_arb0626_0405_f_202r.tif,405,sinai,f. 202r,Text,,ark:/21198/z1r79jm7,ark:/21198/z1r79jm7/zt44kv44,Page,Images: Contact the Monastery of St. Catherine's of the Sinai. Metadata: Unless otherwise indicated all metadata associated with this manuscript is copyright the authors and released under Creative Commons Attribution 4.0 International License.,Sinai Arabic 626,succeeded,https://iiif.sinaimanuscripts.library.ucla.edu/iiif/2/ark%3A%2F21198%2Fz1r79jm7%2Fzt44kv44
Masters/sinaimasters/ara/arabic_0626/sld_arb0626_0406_f_202v.tif,406,sinai,f. 202v,Text,,ark:/21198/z1r79jm7,ark:/21198/z1r79jm7/d859t29n,Page,Images: Contact the Monastery of St. Catherine's of the Sinai. Metadata: Unless otherwise indicated all metadata associated with this manuscript is copyright the authors and released under Creative Commons Attribution 4.0 International License.,Sinai Arabic 626,succeeded,https://iiif.sinaimanuscripts.library.ucla.edu/iiif/2/ark%3A%2F21198%2Fz1r79jm7%2Fd859t29n
Masters/sinaimasters/ara/arabic_0626/sld_arb0626_0407_f_203r.tif,407,sinai,f. 203r,Text,,ark:/21198/z1r79jm7,ark:/21198/z1r79jm7/gd83v70d,Page,Images: Contact the Monastery of St. Catherine's of the Sinai. Metadata: Unless otherwise indicated all metadata associated with this manuscript is copyright the authors and released under Creative Commons Attribution 4.0 International License.,Sinai Arabic 626,succeeded,https://iiif.sinaimanuscripts.library.ucla.edu/iiif/2/ark%3A%2F21198%2Fz1r79jm7%2Fgd83v70d
Masters/sinaimasters/ara/arabic_0626/sld_arb0626_0408_f_203v.tif,408,sinai,f. 203v,Text,,ark:/21198/z1r79jm7,ark:/21198/z1r79jm7/wr66sj0c,Page,Images: Contact the Monastery of St. Catherine's of the Sinai. Metadata: Unless otherwise indicated all metadata associated with this manuscript is copyright the authors and released under Creative Commons Attribution 4.0 International License.,Sinai Arabic 626,succeeded,https://iiif.sinaimanuscripts.library.ucla.edu/iiif/2/ark%3A%2F21198%2Fz1r79jm7%2Fwr66sj0c
Masters/sinaimasters/ara/arabic_0626/sld_arb0626_0409_f_204r.tif,409,sinai,f. 204r,Text,,ark:/21198/z1r79jm7,ark:/21198/z1r79jm7/t8252d41,Page,Images: Contact the Monastery of St. Catherine's of the Sinai. Metadata: Unless otherwise indicated all metadata associated with this manuscript is copyright the authors and released under Creative Commons Attribution 4.0 International License.,Sinai Arabic 626,succeeded,https://iiif.sinaimanuscripts.library.ucla.edu/iiif/2/ark%3A%2F21198%2Fz1r79jm7%2Ft8252d41
Masters/sinaimasters/ara/arabic_0626/sld_arb0626_0410_f_204v.tif,410,sinai,f. 204v,Text,,ark:/21198/z1r79jm7,ark:/21198/z1r79jm7/sw797q84,Page,Images: Contact the Monastery of St. Catherine's of the Sinai. Metadata: Unless otherwise indicated all metadata associated with this manuscript is copyright the authors and released under Creative Commons Attribution 4.0 International License.,Sinai Arabic 626,succeeded,https://iiif.sinaimanuscripts.library.ucla.edu/iiif/2/ark%3A%2F21198%2Fz1r79jm7%2Fsw797q84
Masters/sinaimasters/ara/arabic_0626/sld_arb0626_0411_f_205r.tif,411,sinai,f. 205r,Text,,ark:/21198/z1r79jm7,ark:/21198/z1r79jm7/b128h47m,Page,Images: Contact the Monastery of St. Catherine's of the Sinai. Metadata: Unless otherwise indicated all metadata associated with this manuscript is copyright the authors and released under Creative Commons Attribution 4.0 International License.,Sinai Arabic 626,succeeded,https://iiif.sinaimanuscripts.library.ucla.edu/iiif/2/ark%3A%2F21198%2Fz1r79jm7%2Fb128h47m
Masters/sinaimasters/ara/arabic_0626/sld_arb0626_0412_f_205v.tif,412,sinai,f. 205v,Text,,ark:/21198/z1r79jm7,ark:/21198/z1r79jm7/0p37hh8w,Page,Images: Contact the Monastery of St. Catherine's of the Sinai. Metadata: Unless otherwise indicated all metadata associated with this manuscript is copyright the authors and released under Creative Commons Attribution 4.0 International License.,Sinai Arabic 626,succeeded,https://iiif.sinaimanuscripts.library.ucla.edu/iiif/2/ark%3A%2F21198%2Fz1r79jm7%2F0p37hh8w
Masters/sinaimasters/ara/arabic_0626/sld_arb0626_0413_f_206r.tif,413,sinai,f. 206r,Text,,ark:/21198/z1r79jm7,ark:/21198/z1r79jm7/h246wq38,Page,Images: Contact the Monastery of St. Catherine's of the Sinai. Metadata: Unless otherwise indicated all metadata associated with this manuscript is copyright the authors and released under Creative Commons Attribution 4.0 International License.,Sinai Arabic 626,succeeded,https://iiif.sinaimanuscripts.library.ucla.edu/iiif/2/ark%3A%2F21198%2Fz1r79jm7%2Fh246wq38
Masters/sinaimasters/ara/arabic_0626/sld_arb0626_0414_f_206v.tif,414,sinai,f. 206v,Text,,ark:/21198/z1r79jm7,ark:/21198/z1r79jm7/3t80wq6k,Page,Images: Contact the Monastery of St. Catherine's of the Sinai. Metadata: Unless otherwise indicated all metadata associated with this manuscript is copyright the authors and released under Creative Commons Attribution 4.0 International License.,Sinai Arabic 626,succeeded,https://iiif.sinaimanuscripts.library.ucla.edu/iiif/2/ark%3A%2F21198%2Fz1r79jm7%2F3t80wq6k
Masters/sinaimasters/ara/arabic_0626/sld_arb0626_0415_f_207r.tif,415,sinai,f. 207r,Text,,ark:/21198/z1r79jm7,ark:/21198/z1r79jm7/pn618z11,Page,Images: Contact the Monastery of St. Catherine's of the Sinai. Metadata: Unless otherwise indicated all metadata associated with this manuscript is copyright the authors and released under Creative Commons Attribution 4.0 International License.,Sinai Arabic 626,succeeded,https://iiif.sinaimanuscripts.library.ucla.edu/iiif/2/ark%3A%2F21198%2Fz1r79jm7%2Fpn618z11
Masters/sinaimasters/ara/arabic_0626/sld_arb0626_0416_f_207v.tif,416,sinai,f. 207v,Text,,ark:/21198/z1r79jm7,ark:/21198/z1r79jm7/4882qj6k,Page,Images: Contact the Monastery of St. Catherine's of the Sinai. Metadata: Unless otherwise indicated all metadata associated with this manuscript is copyright the authors and released under Creative Commons Attribution 4.0 International License.,Sinai Arabic 626,succeeded,https://iiif.sinaimanuscripts.library.ucla.edu/iiif/2/ark%3A%2F21198%2Fz1r79jm7%2F4882qj6k
Masters/sinaimasters/ara/arabic_0626/sld_arb0626_0417_f_208r.tif,417,sinai,f. 208r,Text,,ark:/21198/z1r79jm7,ark:/21198/z1r79jm7/5w65qj05,Page,Images: Contact the Monastery of St. Catherine's of the Sinai. Metadata: Unless otherwise indicated all metadata associated with this manuscript is copyright the authors and released under Creative Commons Attribution 4.0 International License.,Sinai Arabic 626,succeeded,https://iiif.sinaimanuscripts.library.ucla.edu/iiif/2/ark%3A%2F21198%2Fz1r79jm7%2F5w65qj05
Masters/sinaimasters/ara/arabic_0626/sld_arb0626_0418_f_208v.tif,418,sinai,f. 208v,Text,,ark:/21198/z1r79jm7,ark:/21198/z1r79jm7/2497nf18,Page,Images: Contact the Monastery of St. Catherine's of the Sinai. Metadata: Unless otherwise indicated all metadata associated with this manuscript is copyright the authors and released under Creative Commons Attribution 4.0 International License.,Sinai Arabic 626,succeeded,https://iiif.sinaimanuscripts.library.ucla.edu/iiif/2/ark%3A%2F21198%2Fz1r79jm7%2F2497nf18
Masters/sinaimasters/ara/arabic_0626/sld_arb0626_0419_f_209r.tif,419,sinai,f. 209r,Text,,ark:/21198/z1r79jm7,ark:/21198/z1r79jm7/s371xj9s,Page,Images: Contact the Monastery of St. Catherine's of the Sinai. Metadata: Unless otherwise indicated all metadata associated with this manuscript is copyright the authors and released under Creative Commons Attribution 4.0 International License.,Sinai Arabic 626,succeeded,https://iiif.sinaimanuscripts.library.ucla.edu/iiif/2/ark%3A%2F21198%2Fz1r79jm7%2Fs371xj9s
Masters/sinaimasters/ara/arabic_0626/sld_arb0626_0420_f_209v.tif,420,sinai,f. 209v,Text,,ark:/21198/z1r79jm7,ark:/21198/z1r79jm7/f162gh0s,Page,Images: Contact the Monastery of St. Catherine's of the Sinai. Metadata: Unless otherwise indicated all metadata associated with this manuscript is copyright the authors and released under Creative Commons Attribution 4.0 International License.,Sinai Arabic 626,succeeded,https://iiif.sinaimanuscripts.library.ucla.edu/iiif/2/ark%3A%2F21198%2Fz1r79jm7%2Ff162gh0s
Masters/sinaimasters/ara/arabic_0626/sld_arb0626_0421_f_210r.tif,421,sinai,f. 210r,Text,,ark:/21198/z1r79jm7,ark:/21198/z1r79jm7/cr88vz77,Page,Images: Contact the Monastery of St. Catherine's of the Sinai. Metadata: Unless otherwise indicated all metadata associated with this manuscript is copyright the authors and released under Creative Commons Attribution 4.0 International License.,Sinai Arabic 626,succeeded,https://iiif.sinaimanuscripts.library.ucla.edu/iiif/2/ark%3A%2F21198%2Fz1r79jm7%2Fcr88vz77
Masters/sinaimasters/ara/arabic_0626/sld_arb0626_0422_f_210v.tif,422,sinai,f. 210v,Text,,ark:/21198/z1r79jm7,ark:/21198/z1r79jm7/gh29b014,Page,Images: Contact the Monastery of St. Catherine's of the Sinai. Metadata: Unless otherwise indicated all metadata associated with this manuscript is copyright the authors and released under Creative Commons Attribution 4.0 International License.,Sinai Arabic 626,succeeded,https://iiif.sinaimanuscripts.library.ucla.edu/iiif/2/ark%3A%2F21198%2Fz1r79jm7%2Fgh29b014
Masters/sinaimasters/ara/arabic_0626/sld_arb0626_0423_f_211r.tif,423,sinai,f. 211r,Text,,ark:/21198/z1r79jm7,ark:/21198/z1r79jm7/5z79vf84,Page,Images: Contact the Monastery of St. Catherine's of the Sinai. Metadata: Unless otherwise indicated all metadata associated with this manuscript is copyright the authors and released under Creative Commons Attribution 4.0 International License.,Sinai Arabic 626,succeeded,https://iiif.sinaimanuscripts.library.ucla.edu/iiif/2/ark%3A%2F21198%2Fz1r79jm7%2F5z79vf84
Masters/sinaimasters/ara/arabic_0626/sld_arb0626_0424_f_211v.tif,424,sinai,f. 211v,Text,,ark:/21198/z1r79jm7,ark:/21198/z1r79jm7/8z10js9m,Page,Images: Contact the Monastery of St. Catherine's of the Sinai. Metadata: Unless otherwise indicated all metadata associated with this manuscript is copyright the authors and released under Creative Commons Attribution 4.0 International License.,Sinai Arabic 626,succeeded,https://iiif.sinaimanuscripts.library.ucla.edu/iiif/2/ark%3A%2F21198%2Fz1r79jm7%2F8z10js9m
Masters/sinaimasters/ara/arabic_0626/sld_arb0626_0425_f_212r.tif,425,sinai,f. 212r,Text,,ark:/21198/z1r79jm7,ark:/21198/z1r79jm7/z032cw5g,Page,Images: Contact the Monastery of St. Catherine's of the Sinai. Metadata: Unless otherwise indicated all metadata associated with this manuscript is copyright the authors and released under Creative Commons Attribution 4.0 International License.,Sinai Arabic 626,succeeded,https://iiif.sinaimanuscripts.library.ucla.edu/iiif/2/ark%3A%2F21198%2Fz1r79jm7%2Fz032cw5g
Masters/sinaimasters/ara/arabic_0626/sld_arb0626_0426_f_212v.tif,426,sinai,f. 212v,Text,,ark:/21198/z1r79jm7,ark:/21198/z1r79jm7/5645q794,Page,Images: Contact the Monastery of St. Catherine's of the Sinai. Metadata: Unless otherwise indicated all metadata associated with this manuscript is copyright the authors and released under Creative Commons Attribution 4.0 International License.,Sinai Arabic 626,succeeded,https://iiif.sinaimanuscripts.library.ucla.edu/iiif/2/ark%3A%2F21198%2Fz1r79jm7%2F5645q794
Masters/sinaimasters/ara/arabic_0626/sld_arb0626_0427_f_213r.tif,427,sinai,f. 213r,Text,,ark:/21198/z1r79jm7,ark:/21198/z1r79jm7/zj93fm6v,Page,Images: Contact the Monastery of St. Catherine's of the Sinai. Metadata: Unless otherwise indicated all metadata associated with this manuscript is copyright the authors and released under Creative Commons Attribution 4.0 International License.,Sinai Arabic 626,succeeded,https://iiif.sinaimanuscripts.library.ucla.edu/iiif/2/ark%3A%2F21198%2Fz1r79jm7%2Fzj93fm6v
Masters/sinaimasters/ara/arabic_0626/sld_arb0626_0428_f_213v.tif,428,sinai,f. 213v,Text,,ark:/21198/z1r79jm7,ark:/21198/z1r79jm7/f985dj60,Page,Images: Contact the Monastery of St. Catherine's of the Sinai. Metadata: Unless otherwise indicated all metadata associated with this manuscript is copyright the authors and released under Creative Commons Attribution 4.0 International License.,Sinai Arabic 626,succeeded,https://iiif.sinaimanuscripts.library.ucla.edu/iiif/2/ark%3A%2F21198%2Fz1r79jm7%2Ff985dj60
Masters/sinaimasters/ara/arabic_0626/sld_arb0626_0429_f_214r.tif,429,sinai,f. 214r,Text,,ark:/21198/z1r79jm7,ark:/21198/z1r79jm7/4726z844,Page,Images: Contact the Monastery of St. Catherine's of the Sinai. Metadata: Unless otherwise indicated all metadata associated with this manuscript is copyright the authors and released under Creative Commons Attribution 4.0 International License.,Sinai Arabic 626,succeeded,https://iiif.sinaimanuscripts.library.ucla.edu/iiif/2/ark%3A%2F21198%2Fz1r79jm7%2F4726z844
Masters/sinaimasters/ara/arabic_0626/sld_arb0626_0430_f_214v.tif,430,sinai,f. 214v,Text,,ark:/21198/z1r79jm7,ark:/21198/z1r79jm7/bz37rc6m,Page,Images: Contact the Monastery of St. Catherine's of the Sinai. Metadata: Unless otherwise indicated all metadata associated with this manuscript is copyright the authors and released under Creative Commons Attribution 4.0 International License.,Sinai Arabic 626,succeeded,https://iiif.sinaimanuscripts.library.ucla.edu/iiif/2/ark%3A%2F21198%2Fz1r79jm7%2Fbz37rc6m
Masters/sinaimasters/ara/arabic_0626/sld_arb0626_0431_f_215r.tif,431,sinai,f. 215r,Text,,ark:/21198/z1r79jm7,ark:/21198/z1r79jm7/x6539j7v,Page,Images: Contact the Monastery of St. Catherine's of the Sinai. Metadata: Unless otherwise indicated all metadata associated with this manuscript is copyright the authors and released under Creative Commons Attribution 4.0 International License.,Sinai Arabic 626,succeeded,https://iiif.sinaimanuscripts.library.ucla.edu/iiif/2/ark%3A%2F21198%2Fz1r79jm7%2Fx6539j7v
Masters/sinaimasters/ara/arabic_0626/sld_arb0626_0432_f_215v.tif,432,sinai,f. 215v,Text,,ark:/21198/z1r79jm7,ark:/21198/z1r79jm7/6w746j84,Page,Images: Contact the Monastery of St. Catherine's of the Sinai. Metadata: Unless otherwise indicated all metadata associated with this manuscript is copyright the authors and released under Creative Commons Attribution 4.0 International License.,Sinai Arabic 626,succeeded,https://iiif.sinaimanuscripts.library.ucla.edu/iiif/2/ark%3A%2F21198%2Fz1r79jm7%2F6w746j84
Masters/sinaimasters/ara/arabic_0626/sld_arb0626_0433_f_216r.tif,433,sinai,f. 216r,Text,,ark:/21198/z1r79jm7,ark:/21198/z1r79jm7/cv15hm19,Page,Images: Contact the Monastery of St. Catherine's of the Sinai. Metadata: Unless otherwise indicated all metadata associated with this manuscript is copyright the authors and released under Creative Commons Attribution 4.0 International License.,Sinai Arabic 626,succeeded,https://iiif.sinaimanuscripts.library.ucla.edu/iiif/2/ark%3A%2F21198%2Fz1r79jm7%2Fcv15hm19
Masters/sinaimasters/ara/arabic_0626/sld_arb0626_0434_f_216v.tif,434,sinai,f. 216v,Text,,ark:/21198/z1r79jm7,ark:/21198/z1r79jm7/jh78cz47,Page,Images: Contact the Monastery of St. Catherine's of the Sinai. Metadata: Unless otherwise indicated all metadata associated with this manuscript is copyright the authors and released under Creative Commons Attribution 4.0 International License.,Sinai Arabic 626,succeeded,https://iiif.sinaimanuscripts.library.ucla.edu/iiif/2/ark%3A%2F21198%2Fz1r79jm7%2Fjh78cz47
Masters/sinaimasters/ara/arabic_0626/sld_arb0626_0435_f_217r.tif,435,sinai,f. 217r,Text,,ark:/21198/z1r79jm7,ark:/21198/z1r79jm7/b482160q,Page,Images: Contact the Monastery of St. Catherine's of the Sinai. Metadata: Unless otherwise indicated all metadata associated with this manuscript is copyright the authors and released under Creative Commons Attribution 4.0 International License.,Sinai Arabic 626,succeeded,https://iiif.sinaimanuscripts.library.ucla.edu/iiif/2/ark%3A%2F21198%2Fz1r79jm7%2Fb482160q
Masters/sinaimasters/ara/arabic_0626/sld_arb0626_0436_f_217v.tif,436,sinai,f. 217v,Text,,ark:/21198/z1r79jm7,ark:/21198/z1r79jm7/9d16ps9p,Page,Images: Contact the Monastery of St. Catherine's of the Sinai. Metadata: Unless otherwise indicated all metadata associated with this manuscript is copyright the authors and released under Creative Commons Attribution 4.0 International License.,Sinai Arabic 626,succeeded,https://iiif.sinaimanuscripts.library.ucla.edu/iiif/2/ark%3A%2F21198%2Fz1r79jm7%2F9d16ps9p
Masters/sinaimasters/ara/arabic_0626/sld_arb0626_0437_f_218r.tif,437,sinai,f. 218r,Text,,ark:/21198/z1r79jm7,ark:/21198/z1r79jm7/5d55dg6p,Page,Images: Contact the Monastery of St. Catherine's of the Sinai. Metadata: Unless otherwise indicated all metadata associated with this manuscript is copyright the authors and released under Creative Commons Attribution 4.0 International License.,Sinai Arabic 626,succeeded,https://iiif.sinaimanuscripts.library.ucla.edu/iiif/2/ark%3A%2F21198%2Fz1r79jm7%2F5d55dg6p
Masters/sinaimasters/ara/arabic_0626/sld_arb0626_0438_f_218v.tif,438,sinai,f. 218v,Text,,ark:/21198/z1r79jm7,ark:/21198/z1r79jm7/kq91zg1s,Page,Images: Contact the Monastery of St. Catherine's of the Sinai. Metadata: Unless otherwise indicated all metadata associated with this manuscript is copyright the authors and released under Creative Commons Attribution 4.0 International License.,Sinai Arabic 626,succeeded,https://iiif.sinaimanuscripts.library.ucla.edu/iiif/2/ark%3A%2F21198%2Fz1r79jm7%2Fkq91zg1s
Masters/sinaimasters/ara/arabic_0626/sld_arb0626_0439_f_219r.tif,439,sinai,f. 219r,Text,,ark:/21198/z1r79jm7,ark:/21198/z1r79jm7/tq31qj27,Page,Images: Contact the Monastery of St. Catherine's of the Sinai. Metadata: Unless otherwise indicated all metadata associated with this manuscript is copyright the authors and released under Creative Commons Attribution 4.0 International License.,Sinai Arabic 626,succeeded,https://iiif.sinaimanuscripts.library.ucla.edu/iiif/2/ark%3A%2F21198%2Fz1r79jm7%2Ftq31qj27
Masters/sinaimasters/ara/arabic_0626/sld_arb0626_0440_f_219v.tif,440,sinai,f. 219v,Text,,ark:/21198/z1r79jm7,ark:/21198/z1r79jm7/gn50pz6c,Page,Images: Contact the Monastery of St. Catherine's of the Sinai. Metadata: Unless otherwise indicated all metadata associated with this manuscript is copyright the authors and released under Creative Commons Attribution 4.0 International License.,Sinai Arabic 626,succeeded,https://iiif.sinaimanuscripts.library.ucla.edu/iiif/2/ark%3A%2F21198%2Fz1r79jm7%2Fgn50pz6c
Masters/sinaimasters/ara/arabic_0626/sld_arb0626_0441_f_220r.tif,441,sinai,f. 220r,Text,,ark:/21198/z1r79jm7,ark:/21198/z1r79jm7/hb985c5b,Page,Images: Contact the Monastery of St. Catherine's of the Sinai. Metadata: Unless otherwise indicated all metadata associated with this manuscript is copyright the authors and released under Creative Commons Attribution 4.0 International License.,Sinai Arabic 626,succeeded,https://iiif.sinaimanuscripts.library.ucla.edu/iiif/2/ark%3A%2F21198%2Fz1r79jm7%2Fhb985c5b
Masters/sinaimasters/ara/arabic_0626/sld_arb0626_0442_f_220v.tif,442,sinai,f. 220v,Text,,ark:/21198/z1r79jm7,ark:/21198/z1r79jm7/sq42r39k,Page,Images: Contact the Monastery of St. Catherine's of the Sinai. Metadata: Unless otherwise indicated all metadata associated with this manuscript is copyright the authors and released under Creative Commons Attribution 4.0 International License.,Sinai Arabic 626,succeeded,https://iiif.sinaimanuscripts.library.ucla.edu/iiif/2/ark%3A%2F21198%2Fz1r79jm7%2Fsq42r39k
Masters/sinaimasters/ara/arabic_0626/sld_arb0626_0443_f_221r.tif,443,sinai,f. 221r,Text,,ark:/21198/z1r79jm7,ark:/21198/z1r79jm7/5676kx66,Page,Images: Contact the Monastery of St. Catherine's of the Sinai. Metadata: Unless otherwise indicated all metadata associated with this manuscript is copyright the authors and released under Creative Commons Attribution 4.0 International License.,Sinai Arabic 626,succeeded,https://iiif.sinaimanuscripts.library.ucla.edu/iiif/2/ark%3A%2F21198%2Fz1r79jm7%2F5676kx66
Masters/sinaimasters/ara/arabic_0626/sld_arb0626_0444_f_221v.tif,444,sinai,f. 221v,Text,,ark:/21198/z1r79jm7,ark:/21198/z1r79jm7/5g86b26r,Page,Images: Contact the Monastery of St. Catherine's of the Sinai. Metadata: Unless otherwise indicated all metadata associated with this manuscript is copyright the authors and released under Creative Commons Attribution 4.0 International License.,Sinai Arabic 626,succeeded,https://iiif.sinaimanuscripts.library.ucla.edu/iiif/2/ark%3A%2F21198%2Fz1r79jm7%2F5g86b26r
Masters/sinaimasters/ara/arabic_0626/sld_arb0626_0445_f_222r.tif,445,sinai,f. 222r,Text,,ark:/21198/z1r79jm7,ark:/21198/z1r79jm7/sk89138m,Page,Images: Contact the Monastery of St. Catherine's of the Sinai. Metadata: Unless otherwise indicated all metadata associated with this manuscript is copyright the authors and released under Creative Commons Attribution 4.0 International License.,Sinai Arabic 626,succeeded,https://iiif.sinaimanuscripts.library.ucla.edu/iiif/2/ark%3A%2F21198%2Fz1r79jm7%2Fsk89138m
Masters/sinaimasters/ara/arabic_0626/sld_arb0626_0446_f_222v.tif,446,sinai,f. 222v,Text,,ark:/21198/z1r79jm7,ark:/21198/z1r79jm7/69798c1n,Page,Images: Contact the Monastery of St. Catherine's of the Sinai. Metadata: Unless otherwise indicated all metadata associated with this manuscript is copyright the authors and released under Creative Commons Attribution 4.0 International License.,Sinai Arabic 626,succeeded,https://iiif.sinaimanuscripts.library.ucla.edu/iiif/2/ark%3A%2F21198%2Fz1r79jm7%2F69798c1n
Masters/sinaimasters/ara/arabic_0626/sld_arb0626_0447_f_223r.tif,447,sinai,f. 223r,Text,,ark:/21198/z1r79jm7,ark:/21198/z1r79jm7/2w95xp26,Page,Images: Contact the Monastery of St. Catherine's of the Sinai. Metadata: Unless otherwise indicated all metadata associated with this manuscript is copyright the authors and released under Creative Commons Attribution 4.0 International License.,Sinai Arabic 626,succeeded,https://iiif.sinaimanuscripts.library.ucla.edu/iiif/2/ark%3A%2F21198%2Fz1r79jm7%2F2w95xp26
Masters/sinaimasters/ara/arabic_0626/sld_arb0626_0448_f_223v.tif,448,sinai,f. 223v,Text,,ark:/21198/z1r79jm7,ark:/21198/z1r79jm7/wt00867m,Page,Images: Contact the Monastery of St. Catherine's of the Sinai. Metadata: Unless otherwise indicated all metadata associated with this manuscript is copyright the authors and released under Creative Commons Attribution 4.0 International License.,Sinai Arabic 626,succeeded,https://iiif.sinaimanuscripts.library.ucla.edu/iiif/2/ark%3A%2F21198%2Fz1r79jm7%2Fwt00867m
Masters/sinaimasters/ara/arabic_0626/sld_arb0626_0449_f_224r.tif,449,sinai,f. 224r,Text,,ark:/21198/z1r79jm7,ark:/21198/z1r79jm7/wx33rt8j,Page,Images: Contact the Monastery of St. Catherine's of the Sinai. Metadata: Unless otherwise indicated all metadata associated with this manuscript is copyright the authors and released under Creative Commons Attribution 4.0 International License.,Sinai Arabic 626,succeeded,https://iiif.sinaimanuscripts.library.ucla.edu/iiif/2/ark%3A%2F21198%2Fz1r79jm7%2Fwx33rt8j
Masters/sinaimasters/ara/arabic_0626/sld_arb0626_0450_f_224v.tif,450,sinai,f. 224v,Text,,ark:/21198/z1r79jm7,ark:/21198/z1r79jm7/rn71v64r,Page,Images: Contact the Monastery of St. Catherine's of the Sinai. Metadata: Unless otherwise indicated all metadata associated with this manuscript is copyright the authors and released under Creative Commons Attribution 4.0 International License.,Sinai Arabic 626,succeeded,https://iiif.sinaimanuscripts.library.ucla.edu/iiif/2/ark%3A%2F21198%2Fz1r79jm7%2Frn71v64r
Masters/sinaimasters/ara/arabic_0626/sld_arb0626_0451_f_225r.tif,451,sinai,f. 225r,Text,,ark:/21198/z1r79jm7,ark:/21198/z1r79jm7/rd63g93z,Page,Images: Contact the Monastery of St. Catherine's of the Sinai. Metadata: Unless otherwise indicated all metadata associated with this manuscript is copyright the authors and released under Creative Commons Attribution 4.0 International License.,Sinai Arabic 626,succeeded,https://iiif.sinaimanuscripts.library.ucla.edu/iiif/2/ark%3A%2F21198%2Fz1r79jm7%2Frd63g93z
Masters/sinaimasters/ara/arabic_0626/sld_arb0626_0452_f_225v.tif,452,sinai,f. 225v,Text,,ark:/21198/z1r79jm7,ark:/21198/z1r79jm7/54869f2s,Page,Images: Contact the Monastery of St. Catherine's of the Sinai. Metadata: Unless otherwise indicated all metadata associated with this manuscript is copyright the authors and released under Creative Commons Attribution 4.0 International License.,Sinai Arabic 626,succeeded,https://iiif.sinaimanuscripts.library.ucla.edu/iiif/2/ark%3A%2F21198%2Fz1r79jm7%2F54869f2s
Masters/sinaimasters/ara/arabic_0626/sld_arb0626_0453_f_226r.tif,453,sinai,f. 226r,Text,,ark:/21198/z1r79jm7,ark:/21198/z1r79jm7/5550n32s,Page,Images: Contact the Monastery of St. Catherine's of the Sinai. Metadata: Unless otherwise indicated all metadata associated with this manuscript is copyright the authors and released under Creative Commons Attribution 4.0 International License.,Sinai Arabic 626,succeeded,https://iiif.sinaimanuscripts.library.ucla.edu/iiif/2/ark%3A%2F21198%2Fz1r79jm7%2F5550n32s
Masters/sinaimasters/ara/arabic_0626/sld_arb0626_0454_f_226v.tif,454,sinai,f. 226v,Text,,ark:/21198/z1r79jm7,ark:/21198/z1r79jm7/w234cd8m,Page,Images: Contact the Monastery of St. Catherine's of the Sinai. Metadata: Unless otherwise indicated all metadata associated with this manuscript is copyright the authors and released under Creative Commons Attribution 4.0 International License.,Sinai Arabic 626,succeeded,https://iiif.sinaimanuscripts.library.ucla.edu/iiif/2/ark%3A%2F21198%2Fz1r79jm7%2Fw234cd8m
Masters/sinaimasters/ara/arabic_0626/sld_arb0626_0455_f_227r.tif,455,sinai,f. 227r,Text,,ark:/21198/z1r79jm7,ark:/21198/z1r79jm7/1t39sw0w,Page,Images: Contact the Monastery of St. Catherine's of the Sinai. Metadata: Unless otherwise indicated all metadata associated with this manuscript is copyright the authors and released under Creative Commons Attribution 4.0 International License.,Sinai Arabic 626,succeeded,https://iiif.sinaimanuscripts.library.ucla.edu/iiif/2/ark%3A%2F21198%2Fz1r79jm7%2F1t39sw0w
Masters/sinaimasters/ara/arabic_0626/sld_arb0626_0456_f_227v.tif,456,sinai,f. 227v,Text,,ark:/21198/z1r79jm7,ark:/21198/z1r79jm7/w1856g64,Page,Images: Contact the Monastery of St. Catherine's of the Sinai. Metadata: Unless otherwise indicated all metadata associated with this manuscript is copyright the authors and released under Creative Commons Attribution 4.0 International License.,Sinai Arabic 626,succeeded,https://iiif.sinaimanuscripts.library.ucla.edu/iiif/2/ark%3A%2F21198%2Fz1r79jm7%2Fw1856g64
Masters/sinaimasters/ara/arabic_0626/sld_arb0626_0457_f_228r.tif,457,sinai,f. 228r,Text,,ark:/21198/z1r79jm7,ark:/21198/z1r79jm7/h692rk54,Page,Images: Contact the Monastery of St. Catherine's of the Sinai. Metadata: Unless otherwise indicated all metadata associated with this manuscript is copyright the authors and released under Creative Commons Attribution 4.0 International License.,Sinai Arabic 626,succeeded,https://iiif.sinaimanuscripts.library.ucla.edu/iiif/2/ark%3A%2F21198%2Fz1r79jm7%2Fh692rk54
Masters/sinaimasters/ara/arabic_0626/sld_arb0626_0458_f_228v.tif,458,sinai,f. 228v,Text,,ark:/21198/z1r79jm7,ark:/21198/z1r79jm7/0k90244d,Page,Images: Contact the Monastery of St. Catherine's of the Sinai. Metadata: Unless otherwise indicated all metadata associated with this manuscript is copyright the authors and released under Creative Commons Attribution 4.0 International License.,Sinai Arabic 626,succeeded,https://iiif.sinaimanuscripts.library.ucla.edu/iiif/2/ark%3A%2F21198%2Fz1r79jm7%2F0k90244d
Masters/sinaimasters/ara/arabic_0626/sld_arb0626_0459_f_229r.tif,459,sinai,f. 229r,Text,,ark:/21198/z1r79jm7,ark:/21198/z1r79jm7/sv659b8c,Page,Images: Contact the Monastery of St. Catherine's of the Sinai. Metadata: Unless otherwise indicated all metadata associated with this manuscript is copyright the authors and released under Creative Commons Attribution 4.0 International License.,Sinai Arabic 626,succeeded,https://iiif.sinaimanuscripts.library.ucla.edu/iiif/2/ark%3A%2F21198%2Fz1r79jm7%2Fsv659b8c
Masters/sinaimasters/ara/arabic_0626/sld_arb0626_0460_f_229v.tif,460,sinai,f. 229v,Text,,ark:/21198/z1r79jm7,ark:/21198/z1r79jm7/9w40vp70,Page,Images: Contact the Monastery of St. Catherine's of the Sinai. Metadata: Unless otherwise indicated all metadata associated with this manuscript is copyright the authors and released under Creative Commons Attribution 4.0 International License.,Sinai Arabic 626,succeeded,https://iiif.sinaimanuscripts.library.ucla.edu/iiif/2/ark%3A%2F21198%2Fz1r79jm7%2F9w40vp70
Masters/sinaimasters/ara/arabic_0626/sld_arb0626_0461_f_230r.tif,461,sinai,f. 230r,Text,,ark:/21198/z1r79jm7,ark:/21198/z1r79jm7/vj25hb34,Page,Images: Contact the Monastery of St. Catherine's of the Sinai. Metadata: Unless otherwise indicated all metadata associated with this manuscript is copyright the authors and released under Creative Commons Attribution 4.0 International License.,Sinai Arabic 626,succeeded,https://iiif.sinaimanuscripts.library.ucla.edu/iiif/2/ark%3A%2F21198%2Fz1r79jm7%2Fvj25hb34
Masters/sinaimasters/ara/arabic_0626/sld_arb0626_0462_f_230v.tif,462,sinai,f. 230v,Text,,ark:/21198/z1r79jm7,ark:/21198/z1r79jm7/c664hg9h,Page,Images: Contact the Monastery of St. Catherine's of the Sinai. Metadata: Unless otherwise indicated all metadata associated with this manuscript is copyright the authors and released under Creative Commons Attribution 4.0 International License.,Sinai Arabic 626,succeeded,https://iiif.sinaimanuscripts.library.ucla.edu/iiif/2/ark%3A%2F21198%2Fz1r79jm7%2Fc664hg9h
Masters/sinaimasters/ara/arabic_0626/sld_arb0626_0463_f_231r.tif,463,sinai,f. 231r,Text,,ark:/21198/z1r79jm7,ark:/21198/z1r79jm7/rb22pq1c,Page,Images: Contact the Monastery of St. Catherine's of the Sinai. Metadata: Unless otherwise indicated all metadata associated with this manuscript is copyright the authors and released under Creative Commons Attribution 4.0 International License.,Sinai Arabic 626,succeeded,https://iiif.sinaimanuscripts.library.ucla.edu/iiif/2/ark%3A%2F21198%2Fz1r79jm7%2Frb22pq1c
Masters/sinaimasters/ara/arabic_0626/sld_arb0626_0464_f_231v.tif,464,sinai,f. 231v,Text,,ark:/21198/z1r79jm7,ark:/21198/z1r79jm7/s194vj07,Page,Images: Contact the Monastery of St. Catherine's of the Sinai. Metadata: Unless otherwise indicated all metadata associated with this manuscript is copyright the authors and released under Creative Commons Attribution 4.0 International License.,Sinai Arabic 626,succeeded,https://iiif.sinaimanuscripts.library.ucla.edu/iiif/2/ark%3A%2F21198%2Fz1r79jm7%2Fs194vj07
Masters/sinaimasters/ara/arabic_0626/sld_arb0626_0465_f_232r.tif,465,sinai,f. 232r,Text,,ark:/21198/z1r79jm7,ark:/21198/z1r79jm7/xr62fn3m,Page,Images: Contact the Monastery of St. Catherine's of the Sinai. Metadata: Unless otherwise indicated all metadata associated with this manuscript is copyright the authors and released under Creative Commons Attribution 4.0 International License.,Sinai Arabic 626,succeeded,https://iiif.sinaimanuscripts.library.ucla.edu/iiif/2/ark%3A%2F21198%2Fz1r79jm7%2Fxr62fn3m
Masters/sinaimasters/ara/arabic_0626/sld_arb0626_0466_f_232v.tif,466,sinai,f. 232v,Text,,ark:/21198/z1r79jm7,ark:/21198/z1r79jm7/1g546n9j,Page,Images: Contact the Monastery of St. Catherine's of the Sinai. Metadata: Unless otherwise indicated all metadata associated with this manuscript is copyright the authors and released under Creative Commons Attribution 4.0 International License.,Sinai Arabic 626,succeeded,https://iiif.sinaimanuscripts.library.ucla.edu/iiif/2/ark%3A%2F21198%2Fz1r79jm7%2F1g546n9j
Masters/sinaimasters/ara/arabic_0626/sld_arb0626_0467_y_001r.tif,467,sinai,Flyleaf 001r,Back matter,,ark:/21198/z1r79jm7,ark:/21198/z1r79jm7/4s16qp9t,Page,Images: Contact the Monastery of St. Catherine's of the Sinai. Metadata: Unless otherwise indicated all metadata associated with this manuscript is copyright the authors and released under Creative Commons Attribution 4.0 International License.,Sinai Arabic 626,succeeded,https://iiif.sinaimanuscripts.library.ucla.edu/iiif/2/ark%3A%2F21198%2Fz1r79jm7%2F4s16qp9t
Masters/sinaimasters/ara/arabic_0626/sld_arb0626_0468_y_001v.tif,468,sinai,Flyleaf 001v,Back matter,,ark:/21198/z1r79jm7,ark:/21198/z1r79jm7/s380xt66,Page,Images: Contact the Monastery of St. Catherine's of the Sinai. Metadata: Unless otherwise indicated all metadata associated with this manuscript is copyright the authors and released under Creative Commons Attribution 4.0 International License.,Sinai Arabic 626,succeeded,https://iiif.sinaimanuscripts.library.ucla.edu/iiif/2/ark%3A%2F21198%2Fz1r79jm7%2Fs380xt66
Masters/sinaimasters/ara/arabic_0626/sld_arb0626_0469_y_999.tif,469,sinai,Back Board Inside,Back matter,,ark:/21198/z1r79jm7,ark:/21198/z1r79jm7/3b10qv6x,Page,Images: Contact the Monastery of St. Catherine's of the Sinai. Metadata: Unless otherwise indicated all metadata associated with this manuscript is copyright the authors and released under Creative Commons Attribution 4.0 International License.,Sinai Arabic 626,succeeded,https://iiif.sinaimanuscripts.library.ucla.edu/iiif/2/ark%3A%2F21198%2Fz1r79jm7%2F3b10qv6x
Masters/sinaimasters/ara/arabic_0626/sld_arb0626_0470_z_1.tif,470,sinai,Back Board Outside,Back matter,,ark:/21198/z1r79jm7,ark:/21198/z1r79jm7/9s944v24,Page,Images: Contact the Monastery of St. Catherine's of the Sinai. Metadata: Unless otherwise indicated all metadata associated with this manuscript is copyright the authors and released under Creative Commons Attribution 4.0 International License.,Sinai Arabic 626,succeeded,https://iiif.sinaimanuscripts.library.ucla.edu/iiif/2/ark%3A%2F21198%2Fz1r79jm7%2F9s944v24
Masters/sinaimasters/ara/arabic_0626/sld_arb0626_0471_z_2.tif,471,sinai,Spine, ,non-paged,ark:/21198/z1r79jm7,ark:/21198/z1r79jm7/j300080n,Page,Images: Contact the Monastery of St. Catherine's of the Sinai. Metadata: Unless otherwise indicated all metadata associated with this manuscript is copyright the authors and released under Creative Commons Attribution 4.0 International License.,Sinai Arabic 626,succeeded,https://iiif.sinaimanuscripts.library.ucla.edu/iiif/2/ark%3A%2F21198%2Fz1r79jm7%2Fj300080n
Masters/sinaimasters/ara/arabic_0626/sld_arb0626_0472_z_3.tif,472,sinai,Fore edge, ,non-paged,ark:/21198/z1r79jm7,ark:/21198/z1r79jm7/94970b0t,Page,Images: Contact the Monastery of St. Catherine's of the Sinai. Metadata: Unless otherwise indicated all metadata associated with this manuscript is copyright the authors and released under Creative Commons Attribution 4.0 International License.,Sinai Arabic 626,succeeded,https://iiif.sinaimanuscripts.library.ucla.edu/iiif/2/ark%3A%2F21198%2Fz1r79jm7%2F94970b0t
Masters/sinaimasters/ara/arabic_0626/sld_arb0626_0473_z_4.tif,473,sinai,Head, ,non-paged,ark:/21198/z1r79jm7,ark:/21198/z1r79jm7/q490nv1x,Page,Images: Contact the Monastery of St. Catherine's of the Sinai. Metadata: Unless otherwise indicated all metadata associated with this manuscript is copyright the authors and released under Creative Commons Attribution 4.0 International License.,Sinai Arabic 626,succeeded,https://iiif.sinaimanuscripts.library.ucla.edu/iiif/2/ark%3A%2F21198%2Fz1r79jm7%2Fq490nv1x
Masters/sinaimasters/ara/arabic_0626/sld_arb0626_0474_z_5.tif,474,sinai,Tail, ,non-paged,ark:/21198/z1r79jm7,ark:/21198/z1r79jm7/wf04sm6g,Page,Images: Contact the Monastery of St. Catherine's of the Sinai. Metadata: Unless otherwise indicated all metadata associated with this manuscript is copyright the authors and released under Creative Commons Attribution 4.0 International License.,Sinai Arabic 626,succeeded,https://iiif.sinaimanuscripts.library.ucla.edu/iiif/2/ark%3A%2F21198%2Fz1r79jm7%2Fwf04sm6g
Masters/sinaimasters/ara/arabic_0626/calibration_left.tif,475,sinai,Calibration Left, ,non-paged,ark:/21198/z1r79jm7,ark:/21198/z1r79jm7/ns97z007,Page,Images: Contact the Monastery of St. Catherine's of the Sinai. Metadata: Unless otherwise indicated all metadata associated with this manuscript is copyright the authors and released under Creative Commons Attribution 4.0 International License.,Sinai Arabic 626,failed,
Masters/sinaimasters/ara/arabic_0626/calibration_right.tif,476,sinai,Calibration Right, ,non-paged,ark:/21198/z1r79jm7,ark:/21198/z1r79jm7/f895q39z,Page,Images: Contact the Monastery of St. Catherine's of the Sinai. Metadata: Unless otherwise indicated all metadata associated with this manuscript is copyright the authors and released under Creative Commons Attribution 4.0 International License.,Sinai Arabic 626,failed,
